"","waveform","serial","offset","time.sec","voltage.mv","date.time"
"1",-2137,"RLA496845S",1.287,1.287,-1.741655,2020-01-01 23:05:00
"2",-2139,"RLA496845S",1.287,1.2948125,-1.743285,2020-01-01 23:05:00
"3",261,"RLA496845S",1.287,1.302625,0.212715,2020-01-01 23:05:00
"4",-155,"RLA496845S",1.287,1.3104375,-0.126325,2020-01-01 23:05:00
"5",-436,"RLA496845S",1.287,1.31825,-0.35534,2020-01-01 23:05:00
"6",-542,"RLA496845S",1.287,1.3260625,-0.44173,2020-01-01 23:05:00
"7",-397,"RLA496845S",1.287,1.333875,-0.323555,2020-01-01 23:05:00
"8",-500,"RLA496845S",1.287,1.3416875,-0.4075,2020-01-01 23:05:00
"9",-516,"RLA496845S",1.287,1.3495,-0.42054,2020-01-01 23:05:00
"10",-490,"RLA496845S",1.287,1.3573125,-0.39935,2020-01-01 23:05:00
"11",-528,"RLA496845S",1.287,1.365125,-0.43032,2020-01-01 23:05:00
"12",-536,"RLA496845S",1.287,1.3729375,-0.43684,2020-01-01 23:05:00
"13",-570,"RLA496845S",1.287,1.38075,-0.46455,2020-01-01 23:05:00
"14",-562,"RLA496845S",1.287,1.3885625,-0.45803,2020-01-01 23:05:00
"15",-505,"RLA496845S",1.287,1.396375,-0.411575,2020-01-01 23:05:00
"16",-600,"RLA496845S",1.287,1.4041875,-0.489,2020-01-01 23:05:00
"17",-624,"RLA496845S",1.287,1.412,-0.50856,2020-01-01 23:05:00
"18",-634,"RLA496845S",1.287,1.4198125,-0.51671,2020-01-01 23:05:00
"19",-658,"RLA496845S",1.287,1.427625,-0.53627,2020-01-01 23:05:00
"20",-672,"RLA496845S",1.287,1.4354375,-0.54768,2020-01-01 23:05:00
"21",-707,"RLA496845S",1.287,1.44325,-0.576205,2020-01-01 23:05:00
"22",-720,"RLA496845S",1.287,1.4510625,-0.5868,2020-01-01 23:05:00
"23",-723,"RLA496845S",1.287,1.458875,-0.589245,2020-01-01 23:05:00
"24",-758,"RLA496845S",1.287,1.4666875,-0.61777,2020-01-01 23:05:00
"25",-753,"RLA496845S",1.287,1.4745,-0.613695,2020-01-01 23:05:00
"26",-675,"RLA496845S",1.287,1.4823125,-0.550125,2020-01-01 23:05:00
"27",-527,"RLA496845S",1.287,1.490125,-0.429505,2020-01-01 23:05:00
"28",-406,"RLA496845S",1.287,1.4979375,-0.33089,2020-01-01 23:05:00
"29",-360,"RLA496845S",1.287,1.50575,-0.2934,2020-01-01 23:05:00
"30",-347,"RLA496845S",1.287,1.5135625,-0.282805,2020-01-01 23:05:00
"31",-354,"RLA496845S",1.287,1.521375,-0.28851,2020-01-01 23:05:00
"32",-354,"RLA496845S",1.287,1.5291875,-0.28851,2020-01-01 23:05:00
"33",-353,"RLA496845S",1.287,1.537,-0.287695,2020-01-01 23:05:00
"34",-358,"RLA496845S",1.287,1.5448125,-0.29177,2020-01-01 23:05:00
"35",-363,"RLA496845S",1.287,1.552625,-0.295845,2020-01-01 23:05:00
"36",-373,"RLA496845S",1.287,1.5604375,-0.303995,2020-01-01 23:05:00
"37",-378,"RLA496845S",1.287,1.56825,-0.30807,2020-01-01 23:05:00
"38",-378,"RLA496845S",1.287,1.5760625,-0.30807,2020-01-01 23:05:00
"39",-384,"RLA496845S",1.287,1.583875,-0.31296,2020-01-01 23:05:00
"40",-389,"RLA496845S",1.287,1.5916875,-0.317035,2020-01-01 23:05:00
"41",-392,"RLA496845S",1.287,1.5995,-0.31948,2020-01-01 23:05:00
"42",-392,"RLA496845S",1.287,1.6073125,-0.31948,2020-01-01 23:05:00
"43",-388,"RLA496845S",1.287,1.615125,-0.31622,2020-01-01 23:05:00
"44",-390,"RLA496845S",1.287,1.6229375,-0.31785,2020-01-01 23:05:00
"45",-388,"RLA496845S",1.287,1.63075,-0.31622,2020-01-01 23:05:00
"46",-386,"RLA496845S",1.287,1.6385625,-0.31459,2020-01-01 23:05:00
"47",-388,"RLA496845S",1.287,1.646375,-0.31622,2020-01-01 23:05:00
"48",-386,"RLA496845S",1.287,1.6541875,-0.31459,2020-01-01 23:05:00
"49",-383,"RLA496845S",1.287,1.662,-0.312145,2020-01-01 23:05:00
"50",-384,"RLA496845S",1.287,1.6698125,-0.31296,2020-01-01 23:05:00
"51",-383,"RLA496845S",1.287,1.677625,-0.312145,2020-01-01 23:05:00
"52",-381,"RLA496845S",1.287,1.6854375,-0.310515,2020-01-01 23:05:00
"53",-383,"RLA496845S",1.287,1.69325,-0.312145,2020-01-01 23:05:00
"54",-387,"RLA496845S",1.287,1.7010625,-0.315405,2020-01-01 23:05:00
"55",-387,"RLA496845S",1.287,1.708875,-0.315405,2020-01-01 23:05:00
"56",-388,"RLA496845S",1.287,1.7166875,-0.31622,2020-01-01 23:05:00
"57",-391,"RLA496845S",1.287,1.7245,-0.318665,2020-01-01 23:05:00
"58",-393,"RLA496845S",1.287,1.7323125,-0.320295,2020-01-01 23:05:00
"59",-394,"RLA496845S",1.287,1.740125,-0.32111,2020-01-01 23:05:00
"60",-391,"RLA496845S",1.287,1.7479375,-0.318665,2020-01-01 23:05:00
"61",-390,"RLA496845S",1.287,1.75575,-0.31785,2020-01-01 23:05:00
"62",-393,"RLA496845S",1.287,1.7635625,-0.320295,2020-01-01 23:05:00
"63",-397,"RLA496845S",1.287,1.771375,-0.323555,2020-01-01 23:05:00
"64",-395,"RLA496845S",1.287,1.7791875,-0.321925,2020-01-01 23:05:00
"65",-395,"RLA496845S",1.287,1.787,-0.321925,2020-01-01 23:05:00
"66",-398,"RLA496845S",1.287,1.7948125,-0.32437,2020-01-01 23:05:00
"67",-400,"RLA496845S",1.287,1.802625,-0.326,2020-01-01 23:05:00
"68",-402,"RLA496845S",1.287,1.8104375,-0.32763,2020-01-01 23:05:00
"69",-402,"RLA496845S",1.287,1.81825,-0.32763,2020-01-01 23:05:00
"70",-403,"RLA496845S",1.287,1.8260625,-0.328445,2020-01-01 23:05:00
"71",-407,"RLA496845S",1.287,1.833875,-0.331705,2020-01-01 23:05:00
"72",-408,"RLA496845S",1.287,1.8416875,-0.33252,2020-01-01 23:05:00
"73",-408,"RLA496845S",1.287,1.8495,-0.33252,2020-01-01 23:05:00
"74",-406,"RLA496845S",1.287,1.8573125,-0.33089,2020-01-01 23:05:00
"75",-408,"RLA496845S",1.287,1.865125,-0.33252,2020-01-01 23:05:00
"76",-414,"RLA496845S",1.287,1.8729375,-0.33741,2020-01-01 23:05:00
"77",-414,"RLA496845S",1.287,1.88075,-0.33741,2020-01-01 23:05:00
"78",-413,"RLA496845S",1.287,1.8885625,-0.336595,2020-01-01 23:05:00
"79",-413,"RLA496845S",1.287,1.896375,-0.336595,2020-01-01 23:05:00
"80",-414,"RLA496845S",1.287,1.9041875,-0.33741,2020-01-01 23:05:00
"81",-417,"RLA496845S",1.287,1.912,-0.339855,2020-01-01 23:05:00
"82",-419,"RLA496845S",1.287,1.9198125,-0.341485,2020-01-01 23:05:00
"83",-419,"RLA496845S",1.287,1.927625,-0.341485,2020-01-01 23:05:00
"84",-419,"RLA496845S",1.287,1.9354375,-0.341485,2020-01-01 23:05:00
"85",-418,"RLA496845S",1.287,1.94325,-0.34067,2020-01-01 23:05:00
"86",-418,"RLA496845S",1.287,1.9510625,-0.34067,2020-01-01 23:05:00
"87",-420,"RLA496845S",1.287,1.958875,-0.3423,2020-01-01 23:05:00
"88",-420,"RLA496845S",1.287,1.9666875,-0.3423,2020-01-01 23:05:00
"89",-421,"RLA496845S",1.287,1.9745,-0.343115,2020-01-01 23:05:00
"90",-423,"RLA496845S",1.287,1.9823125,-0.344745,2020-01-01 23:05:00
"91",-422,"RLA496845S",1.287,1.990125,-0.34393,2020-01-01 23:05:00
"92",-423,"RLA496845S",1.287,1.9979375,-0.344745,2020-01-01 23:05:00
"93",-427,"RLA496845S",1.287,2.00575,-0.348005,2020-01-01 23:05:00
"94",-426,"RLA496845S",1.287,2.0135625,-0.34719,2020-01-01 23:05:00
"95",-424,"RLA496845S",1.287,2.021375,-0.34556,2020-01-01 23:05:00
"96",-428,"RLA496845S",1.287,2.0291875,-0.34882,2020-01-01 23:05:00
"97",-430,"RLA496845S",1.287,2.037,-0.35045,2020-01-01 23:05:00
"98",-431,"RLA496845S",1.287,2.0448125,-0.351265,2020-01-01 23:05:00
"99",-431,"RLA496845S",1.287,2.052625,-0.351265,2020-01-01 23:05:00
"100",-432,"RLA496845S",1.287,2.0604375,-0.35208,2020-01-01 23:05:00
"101",-432,"RLA496845S",1.287,2.06825,-0.35208,2020-01-01 23:05:00
"102",-432,"RLA496845S",1.287,2.0760625,-0.35208,2020-01-01 23:05:00
"103",-433,"RLA496845S",1.287,2.083875,-0.352895,2020-01-01 23:05:00
"104",-433,"RLA496845S",1.287,2.0916875,-0.352895,2020-01-01 23:05:00
"105",-435,"RLA496845S",1.287,2.0995,-0.354525,2020-01-01 23:05:00
"106",-436,"RLA496845S",1.287,2.1073125,-0.35534,2020-01-01 23:05:00
"107",-436,"RLA496845S",1.287,2.115125,-0.35534,2020-01-01 23:05:00
"108",-438,"RLA496845S",1.287,2.1229375,-0.35697,2020-01-01 23:05:00
"109",-438,"RLA496845S",1.287,2.13075,-0.35697,2020-01-01 23:05:00
"110",-436,"RLA496845S",1.287,2.1385625,-0.35534,2020-01-01 23:05:00
"111",-437,"RLA496845S",1.287,2.146375,-0.356155,2020-01-01 23:05:00
"112",-441,"RLA496845S",1.287,2.1541875,-0.359415,2020-01-01 23:05:00
"113",-441,"RLA496845S",1.287,2.162,-0.359415,2020-01-01 23:05:00
"114",-439,"RLA496845S",1.287,2.1698125,-0.357785,2020-01-01 23:05:00
"115",-439,"RLA496845S",1.287,2.177625,-0.357785,2020-01-01 23:05:00
"116",-439,"RLA496845S",1.287,2.1854375,-0.357785,2020-01-01 23:05:00
"117",-440,"RLA496845S",1.287,2.19325,-0.3586,2020-01-01 23:05:00
"118",-443,"RLA496845S",1.287,2.2010625,-0.361045,2020-01-01 23:05:00
"119",-449,"RLA496845S",1.287,2.208875,-0.365935,2020-01-01 23:05:00
"120",-452,"RLA496845S",1.287,2.2166875,-0.36838,2020-01-01 23:05:00
"121",-441,"RLA496845S",1.287,2.2245,-0.359415,2020-01-01 23:05:00
"122",-428,"RLA496845S",1.287,2.2323125,-0.34882,2020-01-01 23:05:00
"123",-432,"RLA496845S",1.287,2.240125,-0.35208,2020-01-01 23:05:00
"124",-456,"RLA496845S",1.287,2.2479375,-0.37164,2020-01-01 23:05:00
"125",-474,"RLA496845S",1.287,2.25575,-0.38631,2020-01-01 23:05:00
"126",-464,"RLA496845S",1.287,2.2635625,-0.37816,2020-01-01 23:05:00
"127",-447,"RLA496845S",1.287,2.271375,-0.364305,2020-01-01 23:05:00
"128",-439,"RLA496845S",1.287,2.2791875,-0.357785,2020-01-01 23:05:00
"129",-437,"RLA496845S",1.287,2.287,-0.356155,2020-01-01 23:05:00
"130",-436,"RLA496845S",1.287,2.2948125,-0.35534,2020-01-01 23:05:00
"131",-437,"RLA496845S",1.287,2.302625,-0.356155,2020-01-01 23:05:00
"132",-434,"RLA496845S",1.287,2.3104375,-0.35371,2020-01-01 23:05:00
"133",-432,"RLA496845S",1.287,2.31825,-0.35208,2020-01-01 23:05:00
"134",-433,"RLA496845S",1.287,2.3260625,-0.352895,2020-01-01 23:05:00
"135",-436,"RLA496845S",1.287,2.333875,-0.35534,2020-01-01 23:05:00
"136",-440,"RLA496845S",1.287,2.3416875,-0.3586,2020-01-01 23:05:00
"137",-442,"RLA496845S",1.287,2.3495,-0.36023,2020-01-01 23:05:00
"138",-442,"RLA496845S",1.287,2.3573125,-0.36023,2020-01-01 23:05:00
"139",-443,"RLA496845S",1.287,2.365125,-0.361045,2020-01-01 23:05:00
"140",-413,"RLA496845S",1.287,2.3729375,-0.336595,2020-01-01 23:05:00
"141",-475,"RLA496845S",1.287,2.38075,-0.387125,2020-01-01 23:05:00
"142",-1018,"RLA496845S",1.287,2.3885625,-0.82967,2020-01-01 23:05:00
"143",-1943,"RLA496845S",1.287,2.396375,-1.583545,2020-01-01 23:05:00
"144",-1936,"RLA496845S",1.287,2.4041875,-1.57784,2020-01-01 23:05:00
"145",-469,"RLA496845S",1.287,2.412,-0.382235,2020-01-01 23:05:00
"146",120,"RLA496845S",1.287,2.4198125,0.0978,2020-01-01 23:05:00
"147",-422,"RLA496845S",1.287,2.427625,-0.34393,2020-01-01 23:05:00
"148",-543,"RLA496845S",1.287,2.4354375,-0.442545,2020-01-01 23:05:00
"149",-407,"RLA496845S",1.287,2.44325,-0.331705,2020-01-01 23:05:00
"150",-478,"RLA496845S",1.287,2.4510625,-0.38957,2020-01-01 23:05:00
"151",-516,"RLA496845S",1.287,2.458875,-0.42054,2020-01-01 23:05:00
"152",-480,"RLA496845S",1.287,2.4666875,-0.3912,2020-01-01 23:05:00
"153",-527,"RLA496845S",1.287,2.4745,-0.429505,2020-01-01 23:05:00
"154",-532,"RLA496845S",1.287,2.4823125,-0.43358,2020-01-01 23:05:00
"155",-563,"RLA496845S",1.287,2.490125,-0.458845,2020-01-01 23:05:00
"156",-556,"RLA496845S",1.287,2.4979375,-0.45314,2020-01-01 23:05:00
"157",-516,"RLA496845S",1.287,2.50575,-0.42054,2020-01-01 23:05:00
"158",-585,"RLA496845S",1.287,2.5135625,-0.476775,2020-01-01 23:05:00
"159",-612,"RLA496845S",1.287,2.521375,-0.49878,2020-01-01 23:05:00
"160",-633,"RLA496845S",1.287,2.5291875,-0.515895,2020-01-01 23:05:00
"161",-659,"RLA496845S",1.287,2.537,-0.537085,2020-01-01 23:05:00
"162",-669,"RLA496845S",1.287,2.5448125,-0.545235,2020-01-01 23:05:00
"163",-704,"RLA496845S",1.287,2.552625,-0.57376,2020-01-01 23:05:00
"164",-714,"RLA496845S",1.287,2.5604375,-0.58191,2020-01-01 23:05:00
"165",-720,"RLA496845S",1.287,2.56825,-0.5868,2020-01-01 23:05:00
"166",-743,"RLA496845S",1.287,2.5760625,-0.605545,2020-01-01 23:05:00
"167",-737,"RLA496845S",1.287,2.583875,-0.600655,2020-01-01 23:05:00
"168",-654,"RLA496845S",1.287,2.5916875,-0.53301,2020-01-01 23:05:00
"169",-516,"RLA496845S",1.287,2.5995,-0.42054,2020-01-01 23:05:00
"170",-397,"RLA496845S",1.287,2.6073125,-0.323555,2020-01-01 23:05:00
"171",-354,"RLA496845S",1.287,2.615125,-0.28851,2020-01-01 23:05:00
"172",-341,"RLA496845S",1.287,2.6229375,-0.277915,2020-01-01 23:05:00
"173",-346,"RLA496845S",1.287,2.63075,-0.28199,2020-01-01 23:05:00
"174",-349,"RLA496845S",1.287,2.6385625,-0.284435,2020-01-01 23:05:00
"175",-348,"RLA496845S",1.287,2.646375,-0.28362,2020-01-01 23:05:00
"176",-356,"RLA496845S",1.287,2.6541875,-0.29014,2020-01-01 23:05:00
"177",-358,"RLA496845S",1.287,2.662,-0.29177,2020-01-01 23:05:00
"178",-364,"RLA496845S",1.287,2.6698125,-0.29666,2020-01-01 23:05:00
"179",-371,"RLA496845S",1.287,2.677625,-0.302365,2020-01-01 23:05:00
"180",-377,"RLA496845S",1.287,2.6854375,-0.307255,2020-01-01 23:05:00
"181",-386,"RLA496845S",1.287,2.69325,-0.31459,2020-01-01 23:05:00
"182",-387,"RLA496845S",1.287,2.7010625,-0.315405,2020-01-01 23:05:00
"183",-389,"RLA496845S",1.287,2.708875,-0.317035,2020-01-01 23:05:00
"184",-391,"RLA496845S",1.287,2.7166875,-0.318665,2020-01-01 23:05:00
"185",-389,"RLA496845S",1.287,2.7245,-0.317035,2020-01-01 23:05:00
"186",-392,"RLA496845S",1.287,2.7323125,-0.31948,2020-01-01 23:05:00
"187",-391,"RLA496845S",1.287,2.740125,-0.318665,2020-01-01 23:05:00
"188",-388,"RLA496845S",1.287,2.7479375,-0.31622,2020-01-01 23:05:00
"189",-385,"RLA496845S",1.287,2.75575,-0.313775,2020-01-01 23:05:00
"190",-379,"RLA496845S",1.287,2.7635625,-0.308885,2020-01-01 23:05:00
"191",-378,"RLA496845S",1.287,2.771375,-0.30807,2020-01-01 23:05:00
"192",-379,"RLA496845S",1.287,2.7791875,-0.308885,2020-01-01 23:05:00
"193",-381,"RLA496845S",1.287,2.787,-0.310515,2020-01-01 23:05:00
"194",-386,"RLA496845S",1.287,2.7948125,-0.31459,2020-01-01 23:05:00
"195",-385,"RLA496845S",1.287,2.802625,-0.313775,2020-01-01 23:05:00
"196",-380,"RLA496845S",1.287,2.8104375,-0.3097,2020-01-01 23:05:00
"197",-382,"RLA496845S",1.287,2.81825,-0.31133,2020-01-01 23:05:00
"198",-387,"RLA496845S",1.287,2.8260625,-0.315405,2020-01-01 23:05:00
"199",-389,"RLA496845S",1.287,2.833875,-0.317035,2020-01-01 23:05:00
"200",-386,"RLA496845S",1.287,2.8416875,-0.31459,2020-01-01 23:05:00
"201",-387,"RLA496845S",1.287,2.8495,-0.315405,2020-01-01 23:05:00
"202",-392,"RLA496845S",1.287,2.8573125,-0.31948,2020-01-01 23:05:00
"203",-396,"RLA496845S",1.287,2.865125,-0.32274,2020-01-01 23:05:00
"204",-393,"RLA496845S",1.287,2.8729375,-0.320295,2020-01-01 23:05:00
"205",-391,"RLA496845S",1.287,2.88075,-0.318665,2020-01-01 23:05:00
"206",-394,"RLA496845S",1.287,2.8885625,-0.32111,2020-01-01 23:05:00
"207",-397,"RLA496845S",1.287,2.896375,-0.323555,2020-01-01 23:05:00
"208",-401,"RLA496845S",1.287,2.9041875,-0.326815,2020-01-01 23:05:00
"209",-403,"RLA496845S",1.287,2.912,-0.328445,2020-01-01 23:05:00
"210",-402,"RLA496845S",1.287,2.9198125,-0.32763,2020-01-01 23:05:00
"211",-402,"RLA496845S",1.287,2.927625,-0.32763,2020-01-01 23:05:00
"212",-402,"RLA496845S",1.287,2.9354375,-0.32763,2020-01-01 23:05:00
"213",-402,"RLA496845S",1.287,2.94325,-0.32763,2020-01-01 23:05:00
"214",-403,"RLA496845S",1.287,2.9510625,-0.328445,2020-01-01 23:05:00
"215",-403,"RLA496845S",1.287,2.958875,-0.328445,2020-01-01 23:05:00
"216",-407,"RLA496845S",1.287,2.9666875,-0.331705,2020-01-01 23:05:00
"217",-408,"RLA496845S",1.287,2.9745,-0.33252,2020-01-01 23:05:00
"218",-405,"RLA496845S",1.287,2.9823125,-0.330075,2020-01-01 23:05:00
"219",-406,"RLA496845S",1.287,2.990125,-0.33089,2020-01-01 23:05:00
"220",-410,"RLA496845S",1.287,2.9979375,-0.33415,2020-01-01 23:05:00
"221",-413,"RLA496845S",1.287,3.00575,-0.336595,2020-01-01 23:05:00
"222",-413,"RLA496845S",1.287,3.0135625,-0.336595,2020-01-01 23:05:00
"223",-414,"RLA496845S",1.287,3.021375,-0.33741,2020-01-01 23:05:00
"224",-414,"RLA496845S",1.287,3.0291875,-0.33741,2020-01-01 23:05:00
"225",-413,"RLA496845S",1.287,3.037,-0.336595,2020-01-01 23:05:00
"226",-414,"RLA496845S",1.287,3.0448125,-0.33741,2020-01-01 23:05:00
"227",-416,"RLA496845S",1.287,3.052625,-0.33904,2020-01-01 23:05:00
"228",-417,"RLA496845S",1.287,3.0604375,-0.339855,2020-01-01 23:05:00
"229",-417,"RLA496845S",1.287,3.06825,-0.339855,2020-01-01 23:05:00
"230",-420,"RLA496845S",1.287,3.0760625,-0.3423,2020-01-01 23:05:00
"231",-420,"RLA496845S",1.287,3.083875,-0.3423,2020-01-01 23:05:00
"232",-420,"RLA496845S",1.287,3.0916875,-0.3423,2020-01-01 23:05:00
"233",-421,"RLA496845S",1.287,3.0995,-0.343115,2020-01-01 23:05:00
"234",-421,"RLA496845S",1.287,3.1073125,-0.343115,2020-01-01 23:05:00
"235",-421,"RLA496845S",1.287,3.115125,-0.343115,2020-01-01 23:05:00
"236",-420,"RLA496845S",1.287,3.1229375,-0.3423,2020-01-01 23:05:00
"237",-424,"RLA496845S",1.287,3.13075,-0.34556,2020-01-01 23:05:00
"238",-427,"RLA496845S",1.287,3.1385625,-0.348005,2020-01-01 23:05:00
"239",-427,"RLA496845S",1.287,3.146375,-0.348005,2020-01-01 23:05:00
"240",-423,"RLA496845S",1.287,3.1541875,-0.344745,2020-01-01 23:05:00
"241",-425,"RLA496845S",1.287,3.162,-0.346375,2020-01-01 23:05:00
"242",-427,"RLA496845S",1.287,3.1698125,-0.348005,2020-01-01 23:05:00
"243",-432,"RLA496845S",1.287,3.177625,-0.35208,2020-01-01 23:05:00
"244",-437,"RLA496845S",1.287,3.1854375,-0.356155,2020-01-01 23:05:00
"245",-434,"RLA496845S",1.287,3.19325,-0.35371,2020-01-01 23:05:00
"246",-422,"RLA496845S",1.287,3.2010625,-0.34393,2020-01-01 23:05:00
"247",-412,"RLA496845S",1.287,3.208875,-0.33578,2020-01-01 23:05:00
"248",-421,"RLA496845S",1.287,3.2166875,-0.343115,2020-01-01 23:05:00
"249",-450,"RLA496845S",1.287,3.2245,-0.36675,2020-01-01 23:05:00
"250",-463,"RLA496845S",1.287,3.2323125,-0.377345,2020-01-01 23:05:00
"251",-444,"RLA496845S",1.287,3.240125,-0.36186,2020-01-01 23:05:00
"252",-430,"RLA496845S",1.287,3.2479375,-0.35045,2020-01-01 23:05:00
"253",-429,"RLA496845S",1.287,3.25575,-0.349635,2020-01-01 23:05:00
"254",-423,"RLA496845S",1.287,3.2635625,-0.344745,2020-01-01 23:05:00
"255",-419,"RLA496845S",1.287,3.271375,-0.341485,2020-01-01 23:05:00
"256",-425,"RLA496845S",1.287,3.2791875,-0.346375,2020-01-01 23:05:00
"257",-424,"RLA496845S",1.287,3.287,-0.34556,2020-01-01 23:05:00
"258",-423,"RLA496845S",1.287,3.2948125,-0.344745,2020-01-01 23:05:00
"259",-424,"RLA496845S",1.287,3.302625,-0.34556,2020-01-01 23:05:00
"260",-420,"RLA496845S",1.287,3.3104375,-0.3423,2020-01-01 23:05:00
"261",-419,"RLA496845S",1.287,3.31825,-0.341485,2020-01-01 23:05:00
"262",-425,"RLA496845S",1.287,3.3260625,-0.346375,2020-01-01 23:05:00
"263",-418,"RLA496845S",1.287,3.333875,-0.34067,2020-01-01 23:05:00
"264",-431,"RLA496845S",1.287,3.3416875,-0.351265,2020-01-01 23:05:00
"265",-786,"RLA496845S",1.287,3.3495,-0.64059,2020-01-01 23:05:00
"266",-1591,"RLA496845S",1.287,3.3573125,-1.296665,2020-01-01 23:05:00
"267",-1878,"RLA496845S",1.287,3.365125,-1.53057,2020-01-01 23:05:00
"268",-767,"RLA496845S",1.287,3.3729375,-0.625105,2020-01-01 23:05:00
"269",232,"RLA496845S",1.287,3.38075,0.18908,2020-01-01 23:05:00
"270",-92,"RLA496845S",1.287,3.3885625,-0.07498,2020-01-01 23:05:00
"271",-589,"RLA496845S",1.287,3.396375,-0.480035,2020-01-01 23:05:00
"272",-481,"RLA496845S",1.287,3.4041875,-0.392015,2020-01-01 23:05:00
"273",-464,"RLA496845S",1.287,3.412,-0.37816,2020-01-01 23:05:00
"274",-523,"RLA496845S",1.287,3.4198125,-0.426245,2020-01-01 23:05:00
"275",-491,"RLA496845S",1.287,3.427625,-0.400165,2020-01-01 23:05:00
"276",-542,"RLA496845S",1.287,3.4354375,-0.44173,2020-01-01 23:05:00
"277",-582,"RLA496845S",1.287,3.44325,-0.47433,2020-01-01 23:05:00
"278",-521,"RLA496845S",1.287,3.4510625,-0.424615,2020-01-01 23:05:00
"279",-547,"RLA496845S",1.287,3.458875,-0.445805,2020-01-01 23:05:00
"280",-564,"RLA496845S",1.287,3.4666875,-0.45966,2020-01-01 23:05:00
"281",-585,"RLA496845S",1.287,3.4745,-0.476775,2020-01-01 23:05:00
"282",-600,"RLA496845S",1.287,3.4823125,-0.489,2020-01-01 23:05:00
"283",-614,"RLA496845S",1.287,3.490125,-0.50041,2020-01-01 23:05:00
"284",-667,"RLA496845S",1.287,3.4979375,-0.543605,2020-01-01 23:05:00
"285",-669,"RLA496845S",1.287,3.50575,-0.545235,2020-01-01 23:05:00
"286",-690,"RLA496845S",1.287,3.5135625,-0.56235,2020-01-01 23:05:00
"287",-726,"RLA496845S",1.287,3.521375,-0.59169,2020-01-01 23:05:00
"288",-734,"RLA496845S",1.287,3.5291875,-0.59821,2020-01-01 23:05:00
"289",-765,"RLA496845S",1.287,3.537,-0.623475,2020-01-01 23:05:00
"290",-775,"RLA496845S",1.287,3.5448125,-0.631625,2020-01-01 23:05:00
"291",-723,"RLA496845S",1.287,3.552625,-0.589245,2020-01-01 23:05:00
"292",-585,"RLA496845S",1.287,3.5604375,-0.476775,2020-01-01 23:05:00
"293",-426,"RLA496845S",1.287,3.56825,-0.34719,2020-01-01 23:05:00
"294",-352,"RLA496845S",1.287,3.5760625,-0.28688,2020-01-01 23:05:00
"295",-327,"RLA496845S",1.287,3.583875,-0.266505,2020-01-01 23:05:00
"296",-328,"RLA496845S",1.287,3.5916875,-0.26732,2020-01-01 23:05:00
"297",-332,"RLA496845S",1.287,3.5995,-0.27058,2020-01-01 23:05:00
"298",-321,"RLA496845S",1.287,3.6073125,-0.261615,2020-01-01 23:05:00
"299",-323,"RLA496845S",1.287,3.615125,-0.263245,2020-01-01 23:05:00
"300",-329,"RLA496845S",1.287,3.6229375,-0.268135,2020-01-01 23:05:00
"301",-336,"RLA496845S",1.287,3.63075,-0.27384,2020-01-01 23:05:00
"302",-349,"RLA496845S",1.287,3.6385625,-0.284435,2020-01-01 23:05:00
"303",-352,"RLA496845S",1.287,3.646375,-0.28688,2020-01-01 23:05:00
"304",-357,"RLA496845S",1.287,3.6541875,-0.290955,2020-01-01 23:05:00
"305",-363,"RLA496845S",1.287,3.662,-0.295845,2020-01-01 23:05:00
"306",-364,"RLA496845S",1.287,3.6698125,-0.29666,2020-01-01 23:05:00
"307",-368,"RLA496845S",1.287,3.677625,-0.29992,2020-01-01 23:05:00
"308",-370,"RLA496845S",1.287,3.6854375,-0.30155,2020-01-01 23:05:00
"309",-367,"RLA496845S",1.287,3.69325,-0.299105,2020-01-01 23:05:00
"310",-366,"RLA496845S",1.287,3.7010625,-0.29829,2020-01-01 23:05:00
"311",-360,"RLA496845S",1.287,3.708875,-0.2934,2020-01-01 23:05:00
"312",-364,"RLA496845S",1.287,3.7166875,-0.29666,2020-01-01 23:05:00
"313",-368,"RLA496845S",1.287,3.7245,-0.29992,2020-01-01 23:05:00
"314",-360,"RLA496845S",1.287,3.7323125,-0.2934,2020-01-01 23:05:00
"315",-359,"RLA496845S",1.287,3.740125,-0.292585,2020-01-01 23:05:00
"316",-364,"RLA496845S",1.287,3.7479375,-0.29666,2020-01-01 23:05:00
"317",-359,"RLA496845S",1.287,3.75575,-0.292585,2020-01-01 23:05:00
"318",-352,"RLA496845S",1.287,3.7635625,-0.28688,2020-01-01 23:05:00
"319",-357,"RLA496845S",1.287,3.771375,-0.290955,2020-01-01 23:05:00
"320",-365,"RLA496845S",1.287,3.7791875,-0.297475,2020-01-01 23:05:00
"321",-363,"RLA496845S",1.287,3.787,-0.295845,2020-01-01 23:05:00
"322",-365,"RLA496845S",1.287,3.7948125,-0.297475,2020-01-01 23:05:00
"323",-365,"RLA496845S",1.287,3.802625,-0.297475,2020-01-01 23:05:00
"324",-363,"RLA496845S",1.287,3.8104375,-0.295845,2020-01-01 23:05:00
"325",-367,"RLA496845S",1.287,3.81825,-0.299105,2020-01-01 23:05:00
"326",-371,"RLA496845S",1.287,3.8260625,-0.302365,2020-01-01 23:05:00
"327",-373,"RLA496845S",1.287,3.833875,-0.303995,2020-01-01 23:05:00
"328",-372,"RLA496845S",1.287,3.8416875,-0.30318,2020-01-01 23:05:00
"329",-374,"RLA496845S",1.287,3.8495,-0.30481,2020-01-01 23:05:00
"330",-377,"RLA496845S",1.287,3.8573125,-0.307255,2020-01-01 23:05:00
"331",-379,"RLA496845S",1.287,3.865125,-0.308885,2020-01-01 23:05:00
"332",-384,"RLA496845S",1.287,3.8729375,-0.31296,2020-01-01 23:05:00
"333",-387,"RLA496845S",1.287,3.88075,-0.315405,2020-01-01 23:05:00
"334",-385,"RLA496845S",1.287,3.8885625,-0.313775,2020-01-01 23:05:00
"335",-385,"RLA496845S",1.287,3.896375,-0.313775,2020-01-01 23:05:00
"336",-391,"RLA496845S",1.287,3.9041875,-0.318665,2020-01-01 23:05:00
"337",-387,"RLA496845S",1.287,3.912,-0.315405,2020-01-01 23:05:00
"338",-376,"RLA496845S",1.287,3.9198125,-0.30644,2020-01-01 23:05:00
"339",-375,"RLA496845S",1.287,3.927625,-0.305625,2020-01-01 23:05:00
"340",-404,"RLA496845S",1.287,3.9354375,-0.32926,2020-01-01 23:05:00
"341",-429,"RLA496845S",1.287,3.94325,-0.349635,2020-01-01 23:05:00
"342",-415,"RLA496845S",1.287,3.9510625,-0.338225,2020-01-01 23:05:00
"343",-394,"RLA496845S",1.287,3.958875,-0.32111,2020-01-01 23:05:00
"344",-389,"RLA496845S",1.287,3.9666875,-0.317035,2020-01-01 23:05:00
"345",-388,"RLA496845S",1.287,3.9745,-0.31622,2020-01-01 23:05:00
"346",-388,"RLA496845S",1.287,3.9823125,-0.31622,2020-01-01 23:05:00
"347",-387,"RLA496845S",1.287,3.990125,-0.315405,2020-01-01 23:05:00
"348",-381,"RLA496845S",1.287,3.9979375,-0.310515,2020-01-01 23:05:00
"349",-379,"RLA496845S",1.287,4.00575,-0.308885,2020-01-01 23:05:00
"350",-382,"RLA496845S",1.287,4.0135625,-0.31133,2020-01-01 23:05:00
"351",-385,"RLA496845S",1.287,4.021375,-0.313775,2020-01-01 23:05:00
"352",-382,"RLA496845S",1.287,4.0291875,-0.31133,2020-01-01 23:05:00
"353",-381,"RLA496845S",1.287,4.037,-0.310515,2020-01-01 23:05:00
"354",-370,"RLA496845S",1.287,4.0448125,-0.30155,2020-01-01 23:05:00
"355",-407,"RLA496845S",1.287,4.052625,-0.331705,2020-01-01 23:05:00
"356",-782,"RLA496845S",1.287,4.0604375,-0.63733,2020-01-01 23:05:00
"357",-1602,"RLA496845S",1.287,4.06825,-1.30563,2020-01-01 23:05:00
"358",-1970,"RLA496845S",1.287,4.0760625,-1.60555,2020-01-01 23:05:00
"359",-956,"RLA496845S",1.287,4.083875,-0.77914,2020-01-01 23:05:00
"360",351,"RLA496845S",1.287,4.0916875,0.286065,2020-01-01 23:05:00
"361",-22,"RLA496845S",1.287,4.0995,-0.01793,2020-01-01 23:05:00
"362",-508,"RLA496845S",1.287,4.1073125,-0.41402,2020-01-01 23:05:00
"363",-477,"RLA496845S",1.287,4.115125,-0.388755,2020-01-01 23:05:00
"364",-419,"RLA496845S",1.287,4.1229375,-0.341485,2020-01-01 23:05:00
"365",-487,"RLA496845S",1.287,4.13075,-0.396905,2020-01-01 23:05:00
"366",-477,"RLA496845S",1.287,4.1385625,-0.388755,2020-01-01 23:05:00
"367",-460,"RLA496845S",1.287,4.146375,-0.3749,2020-01-01 23:05:00
"368",-522,"RLA496845S",1.287,4.1541875,-0.42543,2020-01-01 23:05:00
"369",-515,"RLA496845S",1.287,4.162,-0.419725,2020-01-01 23:05:00
"370",-534,"RLA496845S",1.287,4.1698125,-0.43521,2020-01-01 23:05:00
"371",-553,"RLA496845S",1.287,4.177625,-0.450695,2020-01-01 23:05:00
"372",-585,"RLA496845S",1.287,4.1854375,-0.476775,2020-01-01 23:05:00
"373",-593,"RLA496845S",1.287,4.19325,-0.483295,2020-01-01 23:05:00
"374",-567,"RLA496845S",1.287,4.2010625,-0.462105,2020-01-01 23:05:00
"375",-635,"RLA496845S",1.287,4.208875,-0.517525,2020-01-01 23:05:00
"376",-679,"RLA496845S",1.287,4.2166875,-0.553385,2020-01-01 23:05:00
"377",-699,"RLA496845S",1.287,4.2245,-0.569685,2020-01-01 23:05:00
"378",-737,"RLA496845S",1.287,4.2323125,-0.600655,2020-01-01 23:05:00
"379",-755,"RLA496845S",1.287,4.240125,-0.615325,2020-01-01 23:05:00
"380",-801,"RLA496845S",1.287,4.2479375,-0.652815,2020-01-01 23:05:00
"381",-816,"RLA496845S",1.287,4.25575,-0.66504,2020-01-01 23:05:00
"382",-712,"RLA496845S",1.287,4.2635625,-0.58028,2020-01-01 23:05:00
"383",-541,"RLA496845S",1.287,4.271375,-0.440915,2020-01-01 23:05:00
"384",-362,"RLA496845S",1.287,4.2791875,-0.29503,2020-01-01 23:05:00
"385",-317,"RLA496845S",1.287,4.287,-0.258355,2020-01-01 23:05:00
"386",-300,"RLA496845S",1.287,4.2948125,-0.2445,2020-01-01 23:05:00
"387",-286,"RLA496845S",1.287,4.302625,-0.23309,2020-01-01 23:05:00
"388",-299,"RLA496845S",1.287,4.3104375,-0.243685,2020-01-01 23:05:00
"389",-302,"RLA496845S",1.287,4.31825,-0.24613,2020-01-01 23:05:00
"390",-301,"RLA496845S",1.287,4.3260625,-0.245315,2020-01-01 23:05:00
"391",-306,"RLA496845S",1.287,4.333875,-0.24939,2020-01-01 23:05:00
"392",-316,"RLA496845S",1.287,4.3416875,-0.25754,2020-01-01 23:05:00
"393",-327,"RLA496845S",1.287,4.3495,-0.266505,2020-01-01 23:05:00
"394",-326,"RLA496845S",1.287,4.3573125,-0.26569,2020-01-01 23:05:00
"395",-334,"RLA496845S",1.287,4.365125,-0.27221,2020-01-01 23:05:00
"396",-347,"RLA496845S",1.287,4.3729375,-0.282805,2020-01-01 23:05:00
"397",-347,"RLA496845S",1.287,4.38075,-0.282805,2020-01-01 23:05:00
"398",-352,"RLA496845S",1.287,4.3885625,-0.28688,2020-01-01 23:05:00
"399",-349,"RLA496845S",1.287,4.396375,-0.284435,2020-01-01 23:05:00
"400",-340,"RLA496845S",1.287,4.4041875,-0.2771,2020-01-01 23:05:00
"401",-349,"RLA496845S",1.287,4.412,-0.284435,2020-01-01 23:05:00
"402",-343,"RLA496845S",1.287,4.4198125,-0.279545,2020-01-01 23:05:00
"403",-334,"RLA496845S",1.287,4.427625,-0.27221,2020-01-01 23:05:00
"404",-340,"RLA496845S",1.287,4.4354375,-0.2771,2020-01-01 23:05:00
"405",-346,"RLA496845S",1.287,4.44325,-0.28199,2020-01-01 23:05:00
"406",-345,"RLA496845S",1.287,4.4510625,-0.281175,2020-01-01 23:05:00
"407",-344,"RLA496845S",1.287,4.458875,-0.28036,2020-01-01 23:05:00
"408",-339,"RLA496845S",1.287,4.4666875,-0.276285,2020-01-01 23:05:00
"409",-342,"RLA496845S",1.287,4.4745,-0.27873,2020-01-01 23:05:00
"410",-347,"RLA496845S",1.287,4.4823125,-0.282805,2020-01-01 23:05:00
"411",-347,"RLA496845S",1.287,4.490125,-0.282805,2020-01-01 23:05:00
"412",-357,"RLA496845S",1.287,4.4979375,-0.290955,2020-01-01 23:05:00
"413",-360,"RLA496845S",1.287,4.50575,-0.2934,2020-01-01 23:05:00
"414",-345,"RLA496845S",1.287,4.5135625,-0.281175,2020-01-01 23:05:00
"415",-355,"RLA496845S",1.287,4.521375,-0.289325,2020-01-01 23:05:00
"416",-395,"RLA496845S",1.287,4.5291875,-0.321925,2020-01-01 23:05:00
"417",-400,"RLA496845S",1.287,4.537,-0.326,2020-01-01 23:05:00
"418",-382,"RLA496845S",1.287,4.5448125,-0.31133,2020-01-01 23:05:00
"419",-364,"RLA496845S",1.287,4.552625,-0.29666,2020-01-01 23:05:00
"420",-356,"RLA496845S",1.287,4.5604375,-0.29014,2020-01-01 23:05:00
"421",-357,"RLA496845S",1.287,4.56825,-0.290955,2020-01-01 23:05:00
"422",-357,"RLA496845S",1.287,4.5760625,-0.290955,2020-01-01 23:05:00
"423",-352,"RLA496845S",1.287,4.583875,-0.28688,2020-01-01 23:05:00
"424",-347,"RLA496845S",1.287,4.5916875,-0.282805,2020-01-01 23:05:00
"425",-345,"RLA496845S",1.287,4.5995,-0.281175,2020-01-01 23:05:00
"426",-345,"RLA496845S",1.287,4.6073125,-0.281175,2020-01-01 23:05:00
"427",-341,"RLA496845S",1.287,4.615125,-0.277915,2020-01-01 23:05:00
"428",-347,"RLA496845S",1.287,4.6229375,-0.282805,2020-01-01 23:05:00
"429",-338,"RLA496845S",1.287,4.63075,-0.27547,2020-01-01 23:05:00
"430",-403,"RLA496845S",1.287,4.6385625,-0.328445,2020-01-01 23:05:00
"431",-809,"RLA496845S",1.287,4.646375,-0.659335,2020-01-01 23:05:00
"432",-1850,"RLA496845S",1.287,4.6541875,-1.50775,2020-01-01 23:05:00
"433",-2030,"RLA496845S",1.287,4.662,-1.65445,2020-01-01 23:05:00
"434",-728,"RLA496845S",1.287,4.6698125,-0.59332,2020-01-01 23:05:00
"435",411,"RLA496845S",1.287,4.677625,0.334965,2020-01-01 23:05:00
"436",32,"RLA496845S",1.287,4.6854375,0.02608,2020-01-01 23:05:00
"437",-520,"RLA496845S",1.287,4.69325,-0.4238,2020-01-01 23:05:00
"438",-457,"RLA496845S",1.287,4.7010625,-0.372455,2020-01-01 23:05:00
"439",-397,"RLA496845S",1.287,4.708875,-0.323555,2020-01-01 23:05:00
"440",-478,"RLA496845S",1.287,4.7166875,-0.38957,2020-01-01 23:05:00
"441",-447,"RLA496845S",1.287,4.7245,-0.364305,2020-01-01 23:05:00
"442",-448,"RLA496845S",1.287,4.7323125,-0.36512,2020-01-01 23:05:00
"443",-485,"RLA496845S",1.287,4.740125,-0.395275,2020-01-01 23:05:00
"444",-482,"RLA496845S",1.287,4.7479375,-0.39283,2020-01-01 23:05:00
"445",-503,"RLA496845S",1.287,4.75575,-0.409945,2020-01-01 23:05:00
"446",-526,"RLA496845S",1.287,4.7635625,-0.42869,2020-01-01 23:05:00
"447",-582,"RLA496845S",1.287,4.771375,-0.47433,2020-01-01 23:05:00
"448",-581,"RLA496845S",1.287,4.7791875,-0.473515,2020-01-01 23:05:00
"449",-544,"RLA496845S",1.287,4.787,-0.44336,2020-01-01 23:05:00
"450",-628,"RLA496845S",1.287,4.7948125,-0.51182,2020-01-01 23:05:00
"451",-682,"RLA496845S",1.287,4.802625,-0.55583,2020-01-01 23:05:00
"452",-709,"RLA496845S",1.287,4.8104375,-0.577835,2020-01-01 23:05:00
"453",-737,"RLA496845S",1.287,4.81825,-0.600655,2020-01-01 23:05:00
"454",-748,"RLA496845S",1.287,4.8260625,-0.60962,2020-01-01 23:05:00
"455",-783,"RLA496845S",1.287,4.833875,-0.638145,2020-01-01 23:05:00
"456",-750,"RLA496845S",1.287,4.8416875,-0.61125,2020-01-01 23:05:00
"457",-612,"RLA496845S",1.287,4.8495,-0.49878,2020-01-01 23:05:00
"458",-434,"RLA496845S",1.287,4.8573125,-0.35371,2020-01-01 23:05:00
"459",-312,"RLA496845S",1.287,4.865125,-0.25428,2020-01-01 23:05:00
"460",-288,"RLA496845S",1.287,4.8729375,-0.23472,2020-01-01 23:05:00
"461",-284,"RLA496845S",1.287,4.88075,-0.23146,2020-01-01 23:05:00
"462",-281,"RLA496845S",1.287,4.8885625,-0.229015,2020-01-01 23:05:00
"463",-284,"RLA496845S",1.287,4.896375,-0.23146,2020-01-01 23:05:00
"464",-284,"RLA496845S",1.287,4.9041875,-0.23146,2020-01-01 23:05:00
"465",-296,"RLA496845S",1.287,4.912,-0.24124,2020-01-01 23:05:00
"466",-304,"RLA496845S",1.287,4.9198125,-0.24776,2020-01-01 23:05:00
"467",-307,"RLA496845S",1.287,4.927625,-0.250205,2020-01-01 23:05:00
"468",-318,"RLA496845S",1.287,4.9354375,-0.25917,2020-01-01 23:05:00
"469",-327,"RLA496845S",1.287,4.94325,-0.266505,2020-01-01 23:05:00
"470",-329,"RLA496845S",1.287,4.9510625,-0.268135,2020-01-01 23:05:00
"471",-335,"RLA496845S",1.287,4.958875,-0.273025,2020-01-01 23:05:00
"472",-335,"RLA496845S",1.287,4.9666875,-0.273025,2020-01-01 23:05:00
"473",-344,"RLA496845S",1.287,4.9745,-0.28036,2020-01-01 23:05:00
"474",-347,"RLA496845S",1.287,4.9823125,-0.282805,2020-01-01 23:05:00
"475",-343,"RLA496845S",1.287,4.990125,-0.279545,2020-01-01 23:05:00
"476",-346,"RLA496845S",1.287,4.9979375,-0.28199,2020-01-01 23:05:00
"477",-343,"RLA496845S",1.287,5.00575,-0.279545,2020-01-01 23:05:00
"478",-339,"RLA496845S",1.287,5.0135625,-0.276285,2020-01-01 23:05:00
"479",-341,"RLA496845S",1.287,5.021375,-0.277915,2020-01-01 23:05:00
"480",-338,"RLA496845S",1.287,5.0291875,-0.27547,2020-01-01 23:05:00
"481",-337,"RLA496845S",1.287,5.037,-0.274655,2020-01-01 23:05:00
"482",-342,"RLA496845S",1.287,5.0448125,-0.27873,2020-01-01 23:05:00
"483",-350,"RLA496845S",1.287,5.052625,-0.28525,2020-01-01 23:05:00
"484",-349,"RLA496845S",1.287,5.0604375,-0.284435,2020-01-01 23:05:00
"485",-345,"RLA496845S",1.287,5.06825,-0.281175,2020-01-01 23:05:00
"486",-352,"RLA496845S",1.287,5.0760625,-0.28688,2020-01-01 23:05:00
"487",-357,"RLA496845S",1.287,5.083875,-0.290955,2020-01-01 23:05:00
"488",-359,"RLA496845S",1.287,5.0916875,-0.292585,2020-01-01 23:05:00
"489",-369,"RLA496845S",1.287,5.0995,-0.300735,2020-01-01 23:05:00
"490",-376,"RLA496845S",1.287,5.1073125,-0.30644,2020-01-01 23:05:00
"491",-368,"RLA496845S",1.287,5.115125,-0.29992,2020-01-01 23:05:00
"492",-357,"RLA496845S",1.287,5.1229375,-0.290955,2020-01-01 23:05:00
"493",-369,"RLA496845S",1.287,5.13075,-0.300735,2020-01-01 23:05:00
"494",-396,"RLA496845S",1.287,5.1385625,-0.32274,2020-01-01 23:05:00
"495",-410,"RLA496845S",1.287,5.146375,-0.33415,2020-01-01 23:05:00
"496",-391,"RLA496845S",1.287,5.1541875,-0.318665,2020-01-01 23:05:00
"497",-374,"RLA496845S",1.287,5.162,-0.30481,2020-01-01 23:05:00
"498",-372,"RLA496845S",1.287,5.1698125,-0.30318,2020-01-01 23:05:00
"499",-373,"RLA496845S",1.287,5.177625,-0.303995,2020-01-01 23:05:00
"500",-373,"RLA496845S",1.287,5.1854375,-0.303995,2020-01-01 23:05:00
"501",-373,"RLA496845S",1.287,5.19325,-0.303995,2020-01-01 23:05:00
"502",-369,"RLA496845S",1.287,5.2010625,-0.300735,2020-01-01 23:05:00
"503",-369,"RLA496845S",1.287,5.208875,-0.300735,2020-01-01 23:05:00
"504",-370,"RLA496845S",1.287,5.2166875,-0.30155,2020-01-01 23:05:00
"505",-374,"RLA496845S",1.287,5.2245,-0.30481,2020-01-01 23:05:00
"506",-376,"RLA496845S",1.287,5.2323125,-0.30644,2020-01-01 23:05:00
"507",-356,"RLA496845S",1.287,5.240125,-0.29014,2020-01-01 23:05:00
"508",-417,"RLA496845S",1.287,5.2479375,-0.339855,2020-01-01 23:05:00
"509",-903,"RLA496845S",1.287,5.25575,-0.735945,2020-01-01 23:05:00
"510",-1818,"RLA496845S",1.287,5.2635625,-1.48167,2020-01-01 23:05:00
"511",-2179,"RLA496845S",1.287,5.271375,-1.775885,2020-01-01 23:05:00
"512",-504,"RLA496845S",1.287,5.2791875,-0.41076,2020-01-01 23:05:00
"513",424,"RLA496845S",1.287,5.287,0.34556,2020-01-01 23:05:00
"514",-72,"RLA496845S",1.287,5.2948125,-0.05868,2020-01-01 23:05:00
"515",-594,"RLA496845S",1.287,5.302625,-0.48411,2020-01-01 23:05:00
"516",-506,"RLA496845S",1.287,5.3104375,-0.41239,2020-01-01 23:05:00
"517",-437,"RLA496845S",1.287,5.31825,-0.356155,2020-01-01 23:05:00
"518",-475,"RLA496845S",1.287,5.3260625,-0.387125,2020-01-01 23:05:00
"519",-439,"RLA496845S",1.287,5.333875,-0.357785,2020-01-01 23:05:00
"520",-540,"RLA496845S",1.287,5.3416875,-0.4401,2020-01-01 23:05:00
"521",-576,"RLA496845S",1.287,5.3495,-0.46944,2020-01-01 23:05:00
"522",-509,"RLA496845S",1.287,5.3573125,-0.414835,2020-01-01 23:05:00
"523",-536,"RLA496845S",1.287,5.365125,-0.43684,2020-01-01 23:05:00
"524",-566,"RLA496845S",1.287,5.3729375,-0.46129,2020-01-01 23:05:00
"525",-593,"RLA496845S",1.287,5.38075,-0.483295,2020-01-01 23:05:00
"526",-613,"RLA496845S",1.287,5.3885625,-0.499595,2020-01-01 23:05:00
"527",-632,"RLA496845S",1.287,5.396375,-0.51508,2020-01-01 23:05:00
"528",-703,"RLA496845S",1.287,5.4041875,-0.572945,2020-01-01 23:05:00
"529",-699,"RLA496845S",1.287,5.412,-0.569685,2020-01-01 23:05:00
"530",-727,"RLA496845S",1.287,5.4198125,-0.592505,2020-01-01 23:05:00
"531",-764,"RLA496845S",1.287,5.427625,-0.62266,2020-01-01 23:05:00
"532",-782,"RLA496845S",1.287,5.4354375,-0.63733,2020-01-01 23:05:00
"533",-816,"RLA496845S",1.287,5.44325,-0.66504,2020-01-01 23:05:00
"534",-775,"RLA496845S",1.287,5.4510625,-0.631625,2020-01-01 23:05:00
"535",-642,"RLA496845S",1.287,5.458875,-0.52323,2020-01-01 23:05:00
"536",-446,"RLA496845S",1.287,5.4666875,-0.36349,2020-01-01 23:05:00
"537",-343,"RLA496845S",1.287,5.4745,-0.279545,2020-01-01 23:05:00
"538",-316,"RLA496845S",1.287,5.4823125,-0.25754,2020-01-01 23:05:00
"539",-310,"RLA496845S",1.287,5.490125,-0.25265,2020-01-01 23:05:00
"540",-307,"RLA496845S",1.287,5.4979375,-0.250205,2020-01-01 23:05:00
"541",-311,"RLA496845S",1.287,5.50575,-0.253465,2020-01-01 23:05:00
"542",-315,"RLA496845S",1.287,5.5135625,-0.256725,2020-01-01 23:05:00
"543",-328,"RLA496845S",1.287,5.521375,-0.26732,2020-01-01 23:05:00
"544",-327,"RLA496845S",1.287,5.5291875,-0.266505,2020-01-01 23:05:00
"545",-324,"RLA496845S",1.287,5.537,-0.26406,2020-01-01 23:05:00
"546",-338,"RLA496845S",1.287,5.5448125,-0.27547,2020-01-01 23:05:00
"547",-353,"RLA496845S",1.287,5.552625,-0.287695,2020-01-01 23:05:00
"548",-362,"RLA496845S",1.287,5.5604375,-0.29503,2020-01-01 23:05:00
"549",-363,"RLA496845S",1.287,5.56825,-0.295845,2020-01-01 23:05:00
"550",-360,"RLA496845S",1.287,5.5760625,-0.2934,2020-01-01 23:05:00
"551",-365,"RLA496845S",1.287,5.583875,-0.297475,2020-01-01 23:05:00
"552",-367,"RLA496845S",1.287,5.5916875,-0.299105,2020-01-01 23:05:00
"553",-367,"RLA496845S",1.287,5.5995,-0.299105,2020-01-01 23:05:00
"554",-366,"RLA496845S",1.287,5.6073125,-0.29829,2020-01-01 23:05:00
"555",-360,"RLA496845S",1.287,5.615125,-0.2934,2020-01-01 23:05:00
"556",-359,"RLA496845S",1.287,5.6229375,-0.292585,2020-01-01 23:05:00
"557",-358,"RLA496845S",1.287,5.63075,-0.29177,2020-01-01 23:05:00
"558",-360,"RLA496845S",1.287,5.6385625,-0.2934,2020-01-01 23:05:00
"559",-366,"RLA496845S",1.287,5.646375,-0.29829,2020-01-01 23:05:00
"560",-362,"RLA496845S",1.287,5.6541875,-0.29503,2020-01-01 23:05:00
"561",-365,"RLA496845S",1.287,5.662,-0.297475,2020-01-01 23:05:00
"562",-371,"RLA496845S",1.287,5.6698125,-0.302365,2020-01-01 23:05:00
"563",-368,"RLA496845S",1.287,5.677625,-0.29992,2020-01-01 23:05:00
"564",-364,"RLA496845S",1.287,5.6854375,-0.29666,2020-01-01 23:05:00
"565",-365,"RLA496845S",1.287,5.69325,-0.297475,2020-01-01 23:05:00
"566",-368,"RLA496845S",1.287,5.7010625,-0.29992,2020-01-01 23:05:00
"567",-371,"RLA496845S",1.287,5.708875,-0.302365,2020-01-01 23:05:00
"568",-372,"RLA496845S",1.287,5.7166875,-0.30318,2020-01-01 23:05:00
"569",-375,"RLA496845S",1.287,5.7245,-0.305625,2020-01-01 23:05:00
"570",-378,"RLA496845S",1.287,5.7323125,-0.30807,2020-01-01 23:05:00
"571",-377,"RLA496845S",1.287,5.740125,-0.307255,2020-01-01 23:05:00
"572",-374,"RLA496845S",1.287,5.7479375,-0.30481,2020-01-01 23:05:00
"573",-376,"RLA496845S",1.287,5.75575,-0.30644,2020-01-01 23:05:00
"574",-380,"RLA496845S",1.287,5.7635625,-0.3097,2020-01-01 23:05:00
"575",-383,"RLA496845S",1.287,5.771375,-0.312145,2020-01-01 23:05:00
"576",-389,"RLA496845S",1.287,5.7791875,-0.317035,2020-01-01 23:05:00
"577",-393,"RLA496845S",1.287,5.787,-0.320295,2020-01-01 23:05:00
"578",-393,"RLA496845S",1.287,5.7948125,-0.320295,2020-01-01 23:05:00
"579",-389,"RLA496845S",1.287,5.802625,-0.317035,2020-01-01 23:05:00
"580",-390,"RLA496845S",1.287,5.8104375,-0.31785,2020-01-01 23:05:00
"581",-398,"RLA496845S",1.287,5.81825,-0.32437,2020-01-01 23:05:00
"582",-397,"RLA496845S",1.287,5.8260625,-0.323555,2020-01-01 23:05:00
"583",-395,"RLA496845S",1.287,5.833875,-0.321925,2020-01-01 23:05:00
"584",-395,"RLA496845S",1.287,5.8416875,-0.321925,2020-01-01 23:05:00
"585",-398,"RLA496845S",1.287,5.8495,-0.32437,2020-01-01 23:05:00
"586",-402,"RLA496845S",1.287,5.8573125,-0.32763,2020-01-01 23:05:00
"587",-401,"RLA496845S",1.287,5.865125,-0.326815,2020-01-01 23:05:00
"588",-400,"RLA496845S",1.287,5.8729375,-0.326,2020-01-01 23:05:00
"589",-400,"RLA496845S",1.287,5.88075,-0.326,2020-01-01 23:05:00
"590",-401,"RLA496845S",1.287,5.8885625,-0.326815,2020-01-01 23:05:00
"591",-406,"RLA496845S",1.287,5.896375,-0.33089,2020-01-01 23:05:00
"592",-410,"RLA496845S",1.287,5.9041875,-0.33415,2020-01-01 23:05:00
"593",-412,"RLA496845S",1.287,5.912,-0.33578,2020-01-01 23:05:00
"594",-414,"RLA496845S",1.287,5.9198125,-0.33741,2020-01-01 23:05:00
"595",-413,"RLA496845S",1.287,5.927625,-0.336595,2020-01-01 23:05:00
"596",-412,"RLA496845S",1.287,5.9354375,-0.33578,2020-01-01 23:05:00
"597",-411,"RLA496845S",1.287,5.94325,-0.334965,2020-01-01 23:05:00
"598",-410,"RLA496845S",1.287,5.9510625,-0.33415,2020-01-01 23:05:00
"599",-415,"RLA496845S",1.287,5.958875,-0.338225,2020-01-01 23:05:00
"600",-418,"RLA496845S",1.287,5.9666875,-0.34067,2020-01-01 23:05:00
"601",-418,"RLA496845S",1.287,5.9745,-0.34067,2020-01-01 23:05:00
"602",-416,"RLA496845S",1.287,5.9823125,-0.33904,2020-01-01 23:05:00
"603",-418,"RLA496845S",1.287,5.990125,-0.34067,2020-01-01 23:05:00
"604",-421,"RLA496845S",1.287,5.9979375,-0.343115,2020-01-01 23:05:00
"605",-420,"RLA496845S",1.287,6.00575,-0.3423,2020-01-01 23:05:00
"606",-421,"RLA496845S",1.287,6.0135625,-0.343115,2020-01-01 23:05:00
"607",-424,"RLA496845S",1.287,6.021375,-0.34556,2020-01-01 23:05:00
"608",-421,"RLA496845S",1.287,6.0291875,-0.343115,2020-01-01 23:05:00
"609",-422,"RLA496845S",1.287,6.037,-0.34393,2020-01-01 23:05:00
"610",-424,"RLA496845S",1.287,6.0448125,-0.34556,2020-01-01 23:05:00
"611",-428,"RLA496845S",1.287,6.052625,-0.34882,2020-01-01 23:05:00
"612",-432,"RLA496845S",1.287,6.0604375,-0.35208,2020-01-01 23:05:00
"613",-429,"RLA496845S",1.287,6.06825,-0.349635,2020-01-01 23:05:00
"614",-424,"RLA496845S",1.287,6.0760625,-0.34556,2020-01-01 23:05:00
"615",-424,"RLA496845S",1.287,6.083875,-0.34556,2020-01-01 23:05:00
"616",-429,"RLA496845S",1.287,6.0916875,-0.349635,2020-01-01 23:05:00
"617",-431,"RLA496845S",1.287,6.0995,-0.351265,2020-01-01 23:05:00
"618",-429,"RLA496845S",1.287,6.1073125,-0.349635,2020-01-01 23:05:00
"619",-429,"RLA496845S",1.287,6.115125,-0.349635,2020-01-01 23:05:00
"620",-433,"RLA496845S",1.287,6.1229375,-0.352895,2020-01-01 23:05:00
"621",-434,"RLA496845S",1.287,6.13075,-0.35371,2020-01-01 23:05:00
"622",-434,"RLA496845S",1.287,6.1385625,-0.35371,2020-01-01 23:05:00
"623",-430,"RLA496845S",1.287,6.146375,-0.35045,2020-01-01 23:05:00
"624",-432,"RLA496845S",1.287,6.1541875,-0.35208,2020-01-01 23:05:00
"625",-440,"RLA496845S",1.287,6.162,-0.3586,2020-01-01 23:05:00
"626",-439,"RLA496845S",1.287,6.1698125,-0.357785,2020-01-01 23:05:00
"627",-434,"RLA496845S",1.287,6.177625,-0.35371,2020-01-01 23:05:00
"628",-438,"RLA496845S",1.287,6.1854375,-0.35697,2020-01-01 23:05:00
"629",-441,"RLA496845S",1.287,6.19325,-0.359415,2020-01-01 23:05:00
"630",-436,"RLA496845S",1.287,6.2010625,-0.35534,2020-01-01 23:05:00
"631",-435,"RLA496845S",1.287,6.208875,-0.354525,2020-01-01 23:05:00
"632",-441,"RLA496845S",1.287,6.2166875,-0.359415,2020-01-01 23:05:00
"633",-442,"RLA496845S",1.287,6.2245,-0.36023,2020-01-01 23:05:00
"634",-446,"RLA496845S",1.287,6.2323125,-0.36349,2020-01-01 23:05:00
"635",-453,"RLA496845S",1.287,6.240125,-0.369195,2020-01-01 23:05:00
"636",-451,"RLA496845S",1.287,6.2479375,-0.367565,2020-01-01 23:05:00
"637",-436,"RLA496845S",1.287,6.25575,-0.35534,2020-01-01 23:05:00
"638",-431,"RLA496845S",1.287,6.2635625,-0.351265,2020-01-01 23:05:00
"639",-453,"RLA496845S",1.287,6.271375,-0.369195,2020-01-01 23:05:00
"640",-479,"RLA496845S",1.287,6.2791875,-0.390385,2020-01-01 23:05:00
"641",-465,"RLA496845S",1.287,6.287,-0.378975,2020-01-01 23:05:00
"642",-442,"RLA496845S",1.287,6.2948125,-0.36023,2020-01-01 23:05:00
"643",-437,"RLA496845S",1.287,6.302625,-0.356155,2020-01-01 23:05:00
"644",-439,"RLA496845S",1.287,6.3104375,-0.357785,2020-01-01 23:05:00
"645",-435,"RLA496845S",1.287,6.31825,-0.354525,2020-01-01 23:05:00
"646",-430,"RLA496845S",1.287,6.3260625,-0.35045,2020-01-01 23:05:00
"647",-429,"RLA496845S",1.287,6.333875,-0.349635,2020-01-01 23:05:00
"648",-429,"RLA496845S",1.287,6.3416875,-0.349635,2020-01-01 23:05:00
"649",-430,"RLA496845S",1.287,6.3495,-0.35045,2020-01-01 23:05:00
"650",-429,"RLA496845S",1.287,6.3573125,-0.349635,2020-01-01 23:05:00
"651",-432,"RLA496845S",1.287,6.365125,-0.35208,2020-01-01 23:05:00
"652",-426,"RLA496845S",1.287,6.3729375,-0.34719,2020-01-01 23:05:00
"653",-435,"RLA496845S",1.287,6.38075,-0.354525,2020-01-01 23:05:00
"654",-670,"RLA496845S",1.287,6.3885625,-0.54605,2020-01-01 23:05:00
"655",-1324,"RLA496845S",1.287,6.396375,-1.07906,2020-01-01 23:05:00
"656",-2001,"RLA496845S",1.287,6.4041875,-1.630815,2020-01-01 23:05:00
"657",-1145,"RLA496845S",1.287,6.412,-0.933175,2020-01-01 23:05:00
"658",36,"RLA496845S",1.287,6.4198125,0.02934,2020-01-01 23:05:00
"659",11,"RLA496845S",1.287,6.427625,0.008965,2020-01-01 23:05:00
"660",-506,"RLA496845S",1.287,6.4354375,-0.41239,2020-01-01 23:05:00
"661",-512,"RLA496845S",1.287,6.44325,-0.41728,2020-01-01 23:05:00
"662",-445,"RLA496845S",1.287,6.4510625,-0.362675,2020-01-01 23:05:00
"663",-531,"RLA496845S",1.287,6.458875,-0.432765,2020-01-01 23:05:00
"664",-492,"RLA496845S",1.287,6.4666875,-0.40098,2020-01-01 23:05:00
"665",-479,"RLA496845S",1.287,6.4745,-0.390385,2020-01-01 23:05:00
"666",-539,"RLA496845S",1.287,6.4823125,-0.439285,2020-01-01 23:05:00
"667",-554,"RLA496845S",1.287,6.490125,-0.45151,2020-01-01 23:05:00
"668",-581,"RLA496845S",1.287,6.4979375,-0.473515,2020-01-01 23:05:00
"669",-581,"RLA496845S",1.287,6.50575,-0.473515,2020-01-01 23:05:00
"670",-612,"RLA496845S",1.287,6.5135625,-0.49878,2020-01-01 23:05:00
"671",-678,"RLA496845S",1.287,6.521375,-0.55257,2020-01-01 23:05:00
"672",-617,"RLA496845S",1.287,6.5291875,-0.502855,2020-01-01 23:05:00
"673",-642,"RLA496845S",1.287,6.537,-0.52323,2020-01-01 23:05:00
"674",-694,"RLA496845S",1.287,6.5448125,-0.56561,2020-01-01 23:05:00
"675",-725,"RLA496845S",1.287,6.552625,-0.590875,2020-01-01 23:05:00
"676",-760,"RLA496845S",1.287,6.5604375,-0.6194,2020-01-01 23:05:00
"677",-780,"RLA496845S",1.287,6.56825,-0.6357,2020-01-01 23:05:00
"678",-818,"RLA496845S",1.287,6.5760625,-0.66667,2020-01-01 23:05:00
"679",-852,"RLA496845S",1.287,6.583875,-0.69438,2020-01-01 23:05:00
"680",-799,"RLA496845S",1.287,6.5916875,-0.651185,2020-01-01 23:05:00
"681",-663,"RLA496845S",1.287,6.5995,-0.540345,2020-01-01 23:05:00
"682",-483,"RLA496845S",1.287,6.6073125,-0.393645,2020-01-01 23:05:00
"683",-377,"RLA496845S",1.287,6.615125,-0.307255,2020-01-01 23:05:00
"684",-341,"RLA496845S",1.287,6.6229375,-0.277915,2020-01-01 23:05:00
"685",-328,"RLA496845S",1.287,6.63075,-0.26732,2020-01-01 23:05:00
"686",-337,"RLA496845S",1.287,6.6385625,-0.274655,2020-01-01 23:05:00
"687",-338,"RLA496845S",1.287,6.646375,-0.27547,2020-01-01 23:05:00
"688",-341,"RLA496845S",1.287,6.6541875,-0.277915,2020-01-01 23:05:00
"689",-347,"RLA496845S",1.287,6.662,-0.282805,2020-01-01 23:05:00
"690",-353,"RLA496845S",1.287,6.6698125,-0.287695,2020-01-01 23:05:00
"691",-366,"RLA496845S",1.287,6.677625,-0.29829,2020-01-01 23:05:00
"692",-369,"RLA496845S",1.287,6.6854375,-0.300735,2020-01-01 23:05:00
"693",-370,"RLA496845S",1.287,6.69325,-0.30155,2020-01-01 23:05:00
"694",-382,"RLA496845S",1.287,6.7010625,-0.31133,2020-01-01 23:05:00
"695",-386,"RLA496845S",1.287,6.708875,-0.31459,2020-01-01 23:05:00
"696",-386,"RLA496845S",1.287,6.7166875,-0.31459,2020-01-01 23:05:00
"697",-385,"RLA496845S",1.287,6.7245,-0.313775,2020-01-01 23:05:00
"698",-382,"RLA496845S",1.287,6.7323125,-0.31133,2020-01-01 23:05:00
"699",-383,"RLA496845S",1.287,6.740125,-0.312145,2020-01-01 23:05:00
"700",-382,"RLA496845S",1.287,6.7479375,-0.31133,2020-01-01 23:05:00
"701",-378,"RLA496845S",1.287,6.75575,-0.30807,2020-01-01 23:05:00
"702",-375,"RLA496845S",1.287,6.7635625,-0.305625,2020-01-01 23:05:00
"703",-372,"RLA496845S",1.287,6.771375,-0.30318,2020-01-01 23:05:00
"704",-374,"RLA496845S",1.287,6.7791875,-0.30481,2020-01-01 23:05:00
"705",-373,"RLA496845S",1.287,6.787,-0.303995,2020-01-01 23:05:00
"706",-372,"RLA496845S",1.287,6.7948125,-0.30318,2020-01-01 23:05:00
"707",-375,"RLA496845S",1.287,6.802625,-0.305625,2020-01-01 23:05:00
"708",-378,"RLA496845S",1.287,6.8104375,-0.30807,2020-01-01 23:05:00
"709",-380,"RLA496845S",1.287,6.81825,-0.3097,2020-01-01 23:05:00
"710",-381,"RLA496845S",1.287,6.8260625,-0.310515,2020-01-01 23:05:00
"711",-384,"RLA496845S",1.287,6.833875,-0.31296,2020-01-01 23:05:00
"712",-388,"RLA496845S",1.287,6.8416875,-0.31622,2020-01-01 23:05:00
"713",-386,"RLA496845S",1.287,6.8495,-0.31459,2020-01-01 23:05:00
"714",-385,"RLA496845S",1.287,6.8573125,-0.313775,2020-01-01 23:05:00
"715",-385,"RLA496845S",1.287,6.865125,-0.313775,2020-01-01 23:05:00
"716",-387,"RLA496845S",1.287,6.8729375,-0.315405,2020-01-01 23:05:00
"717",-389,"RLA496845S",1.287,6.88075,-0.317035,2020-01-01 23:05:00
"718",-390,"RLA496845S",1.287,6.8885625,-0.31785,2020-01-01 23:05:00
"719",-391,"RLA496845S",1.287,6.896375,-0.318665,2020-01-01 23:05:00
"720",-395,"RLA496845S",1.287,6.9041875,-0.321925,2020-01-01 23:05:00
"721",-400,"RLA496845S",1.287,6.912,-0.326,2020-01-01 23:05:00
"722",-402,"RLA496845S",1.287,6.9198125,-0.32763,2020-01-01 23:05:00
"723",-402,"RLA496845S",1.287,6.927625,-0.32763,2020-01-01 23:05:00
"724",-399,"RLA496845S",1.287,6.9354375,-0.325185,2020-01-01 23:05:00
"725",-398,"RLA496845S",1.287,6.94325,-0.32437,2020-01-01 23:05:00
"726",-402,"RLA496845S",1.287,6.9510625,-0.32763,2020-01-01 23:05:00
"727",-405,"RLA496845S",1.287,6.958875,-0.330075,2020-01-01 23:05:00
"728",-404,"RLA496845S",1.287,6.9666875,-0.32926,2020-01-01 23:05:00
"729",-407,"RLA496845S",1.287,6.9745,-0.331705,2020-01-01 23:05:00
"730",-410,"RLA496845S",1.287,6.9823125,-0.33415,2020-01-01 23:05:00
"731",-409,"RLA496845S",1.287,6.990125,-0.333335,2020-01-01 23:05:00
"732",-410,"RLA496845S",1.287,6.9979375,-0.33415,2020-01-01 23:05:00
"733",-412,"RLA496845S",1.287,7.00575,-0.33578,2020-01-01 23:05:00
"734",-411,"RLA496845S",1.287,7.0135625,-0.334965,2020-01-01 23:05:00
"735",-412,"RLA496845S",1.287,7.021375,-0.33578,2020-01-01 23:05:00
"736",-416,"RLA496845S",1.287,7.0291875,-0.33904,2020-01-01 23:05:00
"737",-417,"RLA496845S",1.287,7.037,-0.339855,2020-01-01 23:05:00
"738",-416,"RLA496845S",1.287,7.0448125,-0.33904,2020-01-01 23:05:00
"739",-417,"RLA496845S",1.287,7.052625,-0.339855,2020-01-01 23:05:00
"740",-422,"RLA496845S",1.287,7.0604375,-0.34393,2020-01-01 23:05:00
"741",-424,"RLA496845S",1.287,7.06825,-0.34556,2020-01-01 23:05:00
"742",-421,"RLA496845S",1.287,7.0760625,-0.343115,2020-01-01 23:05:00
"743",-418,"RLA496845S",1.287,7.083875,-0.34067,2020-01-01 23:05:00
"744",-419,"RLA496845S",1.287,7.0916875,-0.341485,2020-01-01 23:05:00
"745",-421,"RLA496845S",1.287,7.0995,-0.343115,2020-01-01 23:05:00
"746",-423,"RLA496845S",1.287,7.1073125,-0.344745,2020-01-01 23:05:00
"747",-425,"RLA496845S",1.287,7.115125,-0.346375,2020-01-01 23:05:00
"748",-425,"RLA496845S",1.287,7.1229375,-0.346375,2020-01-01 23:05:00
"749",-426,"RLA496845S",1.287,7.13075,-0.34719,2020-01-01 23:05:00
"750",-426,"RLA496845S",1.287,7.1385625,-0.34719,2020-01-01 23:05:00
"751",-425,"RLA496845S",1.287,7.146375,-0.346375,2020-01-01 23:05:00
"752",-424,"RLA496845S",1.287,7.1541875,-0.34556,2020-01-01 23:05:00
"753",-425,"RLA496845S",1.287,7.162,-0.346375,2020-01-01 23:05:00
"754",-428,"RLA496845S",1.287,7.1698125,-0.34882,2020-01-01 23:05:00
"755",-428,"RLA496845S",1.287,7.177625,-0.34882,2020-01-01 23:05:00
"756",-429,"RLA496845S",1.287,7.1854375,-0.349635,2020-01-01 23:05:00
"757",-431,"RLA496845S",1.287,7.19325,-0.351265,2020-01-01 23:05:00
"758",-430,"RLA496845S",1.287,7.2010625,-0.35045,2020-01-01 23:05:00
"759",-432,"RLA496845S",1.287,7.208875,-0.35208,2020-01-01 23:05:00
"760",-433,"RLA496845S",1.287,7.2166875,-0.352895,2020-01-01 23:05:00
"761",-433,"RLA496845S",1.287,7.2245,-0.352895,2020-01-01 23:05:00
"762",-435,"RLA496845S",1.287,7.2323125,-0.354525,2020-01-01 23:05:00
"763",-438,"RLA496845S",1.287,7.240125,-0.35697,2020-01-01 23:05:00
"764",-439,"RLA496845S",1.287,7.2479375,-0.357785,2020-01-01 23:05:00
"765",-439,"RLA496845S",1.287,7.25575,-0.357785,2020-01-01 23:05:00
"766",-437,"RLA496845S",1.287,7.2635625,-0.356155,2020-01-01 23:05:00
"767",-437,"RLA496845S",1.287,7.271375,-0.356155,2020-01-01 23:05:00
"768",-436,"RLA496845S",1.287,7.2791875,-0.35534,2020-01-01 23:05:00
"769",-437,"RLA496845S",1.287,7.287,-0.356155,2020-01-01 23:05:00
"770",-439,"RLA496845S",1.287,7.2948125,-0.357785,2020-01-01 23:05:00
"771",-439,"RLA496845S",1.287,7.302625,-0.357785,2020-01-01 23:05:00
"772",-439,"RLA496845S",1.287,7.3104375,-0.357785,2020-01-01 23:05:00
"773",-439,"RLA496845S",1.287,7.31825,-0.357785,2020-01-01 23:05:00
"774",-439,"RLA496845S",1.287,7.3260625,-0.357785,2020-01-01 23:05:00
"775",-442,"RLA496845S",1.287,7.333875,-0.36023,2020-01-01 23:05:00
"776",-441,"RLA496845S",1.287,7.3416875,-0.359415,2020-01-01 23:05:00
"777",-441,"RLA496845S",1.287,7.3495,-0.359415,2020-01-01 23:05:00
"778",-441,"RLA496845S",1.287,7.3573125,-0.359415,2020-01-01 23:05:00
"779",-439,"RLA496845S",1.287,7.365125,-0.357785,2020-01-01 23:05:00
"780",-440,"RLA496845S",1.287,7.3729375,-0.3586,2020-01-01 23:05:00
"781",-443,"RLA496845S",1.287,7.38075,-0.361045,2020-01-01 23:05:00
"782",-444,"RLA496845S",1.287,7.3885625,-0.36186,2020-01-01 23:05:00
"783",-449,"RLA496845S",1.287,7.396375,-0.365935,2020-01-01 23:05:00
"784",-456,"RLA496845S",1.287,7.4041875,-0.37164,2020-01-01 23:05:00
"785",-447,"RLA496845S",1.287,7.412,-0.364305,2020-01-01 23:05:00
"786",-431,"RLA496845S",1.287,7.4198125,-0.351265,2020-01-01 23:05:00
"787",-432,"RLA496845S",1.287,7.427625,-0.35208,2020-01-01 23:05:00
"788",-456,"RLA496845S",1.287,7.4354375,-0.37164,2020-01-01 23:05:00
"789",-475,"RLA496845S",1.287,7.44325,-0.387125,2020-01-01 23:05:00
"790",-465,"RLA496845S",1.287,7.4510625,-0.378975,2020-01-01 23:05:00
"791",-447,"RLA496845S",1.287,7.458875,-0.364305,2020-01-01 23:05:00
"792",-443,"RLA496845S",1.287,7.4666875,-0.361045,2020-01-01 23:05:00
"793",-439,"RLA496845S",1.287,7.4745,-0.357785,2020-01-01 23:05:00
"794",-433,"RLA496845S",1.287,7.4823125,-0.352895,2020-01-01 23:05:00
"795",-434,"RLA496845S",1.287,7.490125,-0.35371,2020-01-01 23:05:00
"796",-434,"RLA496845S",1.287,7.4979375,-0.35371,2020-01-01 23:05:00
"797",-433,"RLA496845S",1.287,7.50575,-0.352895,2020-01-01 23:05:00
"798",-435,"RLA496845S",1.287,7.5135625,-0.354525,2020-01-01 23:05:00
"799",-436,"RLA496845S",1.287,7.521375,-0.35534,2020-01-01 23:05:00
"800",-437,"RLA496845S",1.287,7.5291875,-0.356155,2020-01-01 23:05:00
"801",-439,"RLA496845S",1.287,7.537,-0.357785,2020-01-01 23:05:00
"802",-442,"RLA496845S",1.287,7.5448125,-0.36023,2020-01-01 23:05:00
"803",-443,"RLA496845S",1.287,7.552625,-0.361045,2020-01-01 23:05:00
"804",-415,"RLA496845S",1.287,7.5604375,-0.338225,2020-01-01 23:05:00
"805",-463,"RLA496845S",1.287,7.56825,-0.377345,2020-01-01 23:05:00
"806",-947,"RLA496845S",1.287,7.5760625,-0.771805,2020-01-01 23:05:00
"807",-1849,"RLA496845S",1.287,7.583875,-1.506935,2020-01-01 23:05:00
"808",-1958,"RLA496845S",1.287,7.5916875,-1.59577,2020-01-01 23:05:00
"809",-516,"RLA496845S",1.287,7.5995,-0.42054,2020-01-01 23:05:00
"810",159,"RLA496845S",1.287,7.6073125,0.129585,2020-01-01 23:05:00
"811",-403,"RLA496845S",1.287,7.615125,-0.328445,2020-01-01 23:05:00
"812",-659,"RLA496845S",1.287,7.6229375,-0.537085,2020-01-01 23:05:00
"813",-488,"RLA496845S",1.287,7.63075,-0.39772,2020-01-01 23:05:00
"814",-465,"RLA496845S",1.287,7.6385625,-0.378975,2020-01-01 23:05:00
"815",-514,"RLA496845S",1.287,7.646375,-0.41891,2020-01-01 23:05:00
"816",-487,"RLA496845S",1.287,7.6541875,-0.396905,2020-01-01 23:05:00
"817",-535,"RLA496845S",1.287,7.662,-0.436025,2020-01-01 23:05:00
"818",-534,"RLA496845S",1.287,7.6698125,-0.43521,2020-01-01 23:05:00
"819",-580,"RLA496845S",1.287,7.677625,-0.4727,2020-01-01 23:05:00
"820",-628,"RLA496845S",1.287,7.6854375,-0.51182,2020-01-01 23:05:00
"821",-567,"RLA496845S",1.287,7.69325,-0.462105,2020-01-01 23:05:00
"822",-575,"RLA496845S",1.287,7.7010625,-0.468625,2020-01-01 23:05:00
"823",-599,"RLA496845S",1.287,7.708875,-0.488185,2020-01-01 23:05:00
"824",-632,"RLA496845S",1.287,7.7166875,-0.51508,2020-01-01 23:05:00
"825",-661,"RLA496845S",1.287,7.7245,-0.538715,2020-01-01 23:05:00
"826",-676,"RLA496845S",1.287,7.7323125,-0.55094,2020-01-01 23:05:00
"827",-715,"RLA496845S",1.287,7.740125,-0.582725,2020-01-01 23:05:00
"828",-731,"RLA496845S",1.287,7.7479375,-0.595765,2020-01-01 23:05:00
"829",-748,"RLA496845S",1.287,7.75575,-0.60962,2020-01-01 23:05:00
"830",-777,"RLA496845S",1.287,7.7635625,-0.633255,2020-01-01 23:05:00
"831",-767,"RLA496845S",1.287,7.771375,-0.625105,2020-01-01 23:05:00
"832",-678,"RLA496845S",1.287,7.7791875,-0.55257,2020-01-01 23:05:00
"833",-529,"RLA496845S",1.287,7.787,-0.431135,2020-01-01 23:05:00
"834",-396,"RLA496845S",1.287,7.7948125,-0.32274,2020-01-01 23:05:00
"835",-350,"RLA496845S",1.287,7.802625,-0.28525,2020-01-01 23:05:00
"836",-340,"RLA496845S",1.287,7.8104375,-0.2771,2020-01-01 23:05:00
"837",-344,"RLA496845S",1.287,7.81825,-0.28036,2020-01-01 23:05:00
"838",-343,"RLA496845S",1.287,7.8260625,-0.279545,2020-01-01 23:05:00
"839",-340,"RLA496845S",1.287,7.833875,-0.2771,2020-01-01 23:05:00
"840",-350,"RLA496845S",1.287,7.8416875,-0.28525,2020-01-01 23:05:00
"841",-352,"RLA496845S",1.287,7.8495,-0.28688,2020-01-01 23:05:00
"842",-355,"RLA496845S",1.287,7.8573125,-0.289325,2020-01-01 23:05:00
"843",-364,"RLA496845S",1.287,7.865125,-0.29666,2020-01-01 23:05:00
"844",-374,"RLA496845S",1.287,7.8729375,-0.30481,2020-01-01 23:05:00
"845",-382,"RLA496845S",1.287,7.88075,-0.31133,2020-01-01 23:05:00
"846",-385,"RLA496845S",1.287,7.8885625,-0.313775,2020-01-01 23:05:00
"847",-389,"RLA496845S",1.287,7.896375,-0.317035,2020-01-01 23:05:00
"848",-395,"RLA496845S",1.287,7.9041875,-0.321925,2020-01-01 23:05:00
"849",-391,"RLA496845S",1.287,7.912,-0.318665,2020-01-01 23:05:00
"850",-389,"RLA496845S",1.287,7.9198125,-0.317035,2020-01-01 23:05:00
"851",-384,"RLA496845S",1.287,7.927625,-0.31296,2020-01-01 23:05:00
"852",-379,"RLA496845S",1.287,7.9354375,-0.308885,2020-01-01 23:05:00
"853",-378,"RLA496845S",1.287,7.94325,-0.30807,2020-01-01 23:05:00
"854",-377,"RLA496845S",1.287,7.9510625,-0.307255,2020-01-01 23:05:00
"855",-375,"RLA496845S",1.287,7.958875,-0.305625,2020-01-01 23:05:00
"856",-373,"RLA496845S",1.287,7.9666875,-0.303995,2020-01-01 23:05:00
"857",-374,"RLA496845S",1.287,7.9745,-0.30481,2020-01-01 23:05:00
"858",-378,"RLA496845S",1.287,7.9823125,-0.30807,2020-01-01 23:05:00
"859",-378,"RLA496845S",1.287,7.990125,-0.30807,2020-01-01 23:05:00
"860",-381,"RLA496845S",1.287,7.9979375,-0.310515,2020-01-01 23:05:00
"861",-383,"RLA496845S",1.287,8.00575,-0.312145,2020-01-01 23:05:00
"862",-384,"RLA496845S",1.287,8.0135625,-0.31296,2020-01-01 23:05:00
"863",-386,"RLA496845S",1.287,8.021375,-0.31459,2020-01-01 23:05:00
"864",-388,"RLA496845S",1.287,8.0291875,-0.31622,2020-01-01 23:05:00
"865",-389,"RLA496845S",1.287,8.037,-0.317035,2020-01-01 23:05:00
"866",-387,"RLA496845S",1.287,8.0448125,-0.315405,2020-01-01 23:05:00
"867",-387,"RLA496845S",1.287,8.052625,-0.315405,2020-01-01 23:05:00
"868",-391,"RLA496845S",1.287,8.0604375,-0.318665,2020-01-01 23:05:00
"869",-392,"RLA496845S",1.287,8.06825,-0.31948,2020-01-01 23:05:00
"870",-394,"RLA496845S",1.287,8.0760625,-0.32111,2020-01-01 23:05:00
"871",-397,"RLA496845S",1.287,8.083875,-0.323555,2020-01-01 23:05:00
"872",-396,"RLA496845S",1.287,8.0916875,-0.32274,2020-01-01 23:05:00
"873",-398,"RLA496845S",1.287,8.0995,-0.32437,2020-01-01 23:05:00
"874",-400,"RLA496845S",1.287,8.1073125,-0.326,2020-01-01 23:05:00
"875",-400,"RLA496845S",1.287,8.115125,-0.326,2020-01-01 23:05:00
"876",-399,"RLA496845S",1.287,8.1229375,-0.325185,2020-01-01 23:05:00
"877",-400,"RLA496845S",1.287,8.13075,-0.326,2020-01-01 23:05:00
"878",-403,"RLA496845S",1.287,8.1385625,-0.328445,2020-01-01 23:05:00
"879",-405,"RLA496845S",1.287,8.146375,-0.330075,2020-01-01 23:05:00
"880",-407,"RLA496845S",1.287,8.1541875,-0.331705,2020-01-01 23:05:00
"881",-406,"RLA496845S",1.287,8.162,-0.33089,2020-01-01 23:05:00
"882",-407,"RLA496845S",1.287,8.1698125,-0.331705,2020-01-01 23:05:00
"883",-408,"RLA496845S",1.287,8.177625,-0.33252,2020-01-01 23:05:00
"884",-410,"RLA496845S",1.287,8.1854375,-0.33415,2020-01-01 23:05:00
"885",-412,"RLA496845S",1.287,8.19325,-0.33578,2020-01-01 23:05:00
"886",-413,"RLA496845S",1.287,8.2010625,-0.336595,2020-01-01 23:05:00
"887",-412,"RLA496845S",1.287,8.208875,-0.33578,2020-01-01 23:05:00
"888",-415,"RLA496845S",1.287,8.2166875,-0.338225,2020-01-01 23:05:00
"889",-417,"RLA496845S",1.287,8.2245,-0.339855,2020-01-01 23:05:00
"890",-415,"RLA496845S",1.287,8.2323125,-0.338225,2020-01-01 23:05:00
"891",-416,"RLA496845S",1.287,8.240125,-0.33904,2020-01-01 23:05:00
"892",-420,"RLA496845S",1.287,8.2479375,-0.3423,2020-01-01 23:05:00
"893",-420,"RLA496845S",1.287,8.25575,-0.3423,2020-01-01 23:05:00
"894",-419,"RLA496845S",1.287,8.2635625,-0.341485,2020-01-01 23:05:00
"895",-419,"RLA496845S",1.287,8.271375,-0.341485,2020-01-01 23:05:00
"896",-422,"RLA496845S",1.287,8.2791875,-0.34393,2020-01-01 23:05:00
"897",-424,"RLA496845S",1.287,8.287,-0.34556,2020-01-01 23:05:00
"898",-426,"RLA496845S",1.287,8.2948125,-0.34719,2020-01-01 23:05:00
"899",-426,"RLA496845S",1.287,8.302625,-0.34719,2020-01-01 23:05:00
"900",-424,"RLA496845S",1.287,8.3104375,-0.34556,2020-01-01 23:05:00
"901",-423,"RLA496845S",1.287,8.31825,-0.344745,2020-01-01 23:05:00
"902",-423,"RLA496845S",1.287,8.3260625,-0.344745,2020-01-01 23:05:00
"903",-425,"RLA496845S",1.287,8.333875,-0.346375,2020-01-01 23:05:00
"904",-428,"RLA496845S",1.287,8.3416875,-0.34882,2020-01-01 23:05:00
"905",-430,"RLA496845S",1.287,8.3495,-0.35045,2020-01-01 23:05:00
"906",-431,"RLA496845S",1.287,8.3573125,-0.351265,2020-01-01 23:05:00
"907",-430,"RLA496845S",1.287,8.365125,-0.35045,2020-01-01 23:05:00
"908",-429,"RLA496845S",1.287,8.3729375,-0.349635,2020-01-01 23:05:00
"909",-430,"RLA496845S",1.287,8.38075,-0.35045,2020-01-01 23:05:00
"910",-432,"RLA496845S",1.287,8.3885625,-0.35208,2020-01-01 23:05:00
"911",-433,"RLA496845S",1.287,8.396375,-0.352895,2020-01-01 23:05:00
"912",-433,"RLA496845S",1.287,8.4041875,-0.352895,2020-01-01 23:05:00
"913",-432,"RLA496845S",1.287,8.412,-0.35208,2020-01-01 23:05:00
"914",-434,"RLA496845S",1.287,8.4198125,-0.35371,2020-01-01 23:05:00
"915",-434,"RLA496845S",1.287,8.427625,-0.35371,2020-01-01 23:05:00
"916",-435,"RLA496845S",1.287,8.4354375,-0.354525,2020-01-01 23:05:00
"917",-437,"RLA496845S",1.287,8.44325,-0.356155,2020-01-01 23:05:00
"918",-434,"RLA496845S",1.287,8.4510625,-0.35371,2020-01-01 23:05:00
"919",-432,"RLA496845S",1.287,8.458875,-0.35208,2020-01-01 23:05:00
"920",-435,"RLA496845S",1.287,8.4666875,-0.354525,2020-01-01 23:05:00
"921",-437,"RLA496845S",1.287,8.4745,-0.356155,2020-01-01 23:05:00
"922",-437,"RLA496845S",1.287,8.4823125,-0.356155,2020-01-01 23:05:00
"923",-435,"RLA496845S",1.287,8.490125,-0.354525,2020-01-01 23:05:00
"924",-437,"RLA496845S",1.287,8.4979375,-0.356155,2020-01-01 23:05:00
"925",-442,"RLA496845S",1.287,8.50575,-0.36023,2020-01-01 23:05:00
"926",-442,"RLA496845S",1.287,8.5135625,-0.36023,2020-01-01 23:05:00
"927",-439,"RLA496845S",1.287,8.521375,-0.357785,2020-01-01 23:05:00
"928",-437,"RLA496845S",1.287,8.5291875,-0.356155,2020-01-01 23:05:00
"929",-438,"RLA496845S",1.287,8.537,-0.35697,2020-01-01 23:05:00
"930",-440,"RLA496845S",1.287,8.5448125,-0.3586,2020-01-01 23:05:00
"931",-439,"RLA496845S",1.287,8.552625,-0.357785,2020-01-01 23:05:00
"932",-440,"RLA496845S",1.287,8.5604375,-0.3586,2020-01-01 23:05:00
"933",-443,"RLA496845S",1.287,8.56825,-0.361045,2020-01-01 23:05:00
"934",-442,"RLA496845S",1.287,8.5760625,-0.36023,2020-01-01 23:05:00
"935",-441,"RLA496845S",1.287,8.583875,-0.359415,2020-01-01 23:05:00
"936",-441,"RLA496845S",1.287,8.5916875,-0.359415,2020-01-01 23:05:00
"937",-444,"RLA496845S",1.287,8.5995,-0.36186,2020-01-01 23:05:00
"938",-452,"RLA496845S",1.287,8.6073125,-0.36838,2020-01-01 23:05:00
"939",-455,"RLA496845S",1.287,8.615125,-0.370825,2020-01-01 23:05:00
"940",-446,"RLA496845S",1.287,8.6229375,-0.36349,2020-01-01 23:05:00
"941",-432,"RLA496845S",1.287,8.63075,-0.35208,2020-01-01 23:05:00
"942",-430,"RLA496845S",1.287,8.6385625,-0.35045,2020-01-01 23:05:00
"943",-450,"RLA496845S",1.287,8.646375,-0.36675,2020-01-01 23:05:00
"944",-476,"RLA496845S",1.287,8.6541875,-0.38794,2020-01-01 23:05:00
"945",-465,"RLA496845S",1.287,8.662,-0.378975,2020-01-01 23:05:00
"946",-446,"RLA496845S",1.287,8.6698125,-0.36349,2020-01-01 23:05:00
"947",-440,"RLA496845S",1.287,8.677625,-0.3586,2020-01-01 23:05:00
"948",-440,"RLA496845S",1.287,8.6854375,-0.3586,2020-01-01 23:05:00
"949",-437,"RLA496845S",1.287,8.69325,-0.356155,2020-01-01 23:05:00
"950",-433,"RLA496845S",1.287,8.7010625,-0.352895,2020-01-01 23:05:00
"951",-434,"RLA496845S",1.287,8.708875,-0.35371,2020-01-01 23:05:00
"952",-437,"RLA496845S",1.287,8.7166875,-0.356155,2020-01-01 23:05:00
"953",-438,"RLA496845S",1.287,8.7245,-0.35697,2020-01-01 23:05:00
"954",-435,"RLA496845S",1.287,8.7323125,-0.354525,2020-01-01 23:05:00
"955",-434,"RLA496845S",1.287,8.740125,-0.35371,2020-01-01 23:05:00
"956",-436,"RLA496845S",1.287,8.7479375,-0.35534,2020-01-01 23:05:00
"957",-436,"RLA496845S",1.287,8.75575,-0.35534,2020-01-01 23:05:00
"958",-440,"RLA496845S",1.287,8.7635625,-0.3586,2020-01-01 23:05:00
"959",-447,"RLA496845S",1.287,8.771375,-0.364305,2020-01-01 23:05:00
"960",-413,"RLA496845S",1.287,8.7791875,-0.336595,2020-01-01 23:05:00
"961",-467,"RLA496845S",1.287,8.787,-0.380605,2020-01-01 23:05:00
"962",-1008,"RLA496845S",1.287,8.7948125,-0.82152,2020-01-01 23:05:00
"963",-1943,"RLA496845S",1.287,8.802625,-1.583545,2020-01-01 23:05:00
"964",-1913,"RLA496845S",1.287,8.8104375,-1.559095,2020-01-01 23:05:00
"965",-487,"RLA496845S",1.287,8.81825,-0.396905,2020-01-01 23:05:00
"966",136,"RLA496845S",1.287,8.8260625,0.11084,2020-01-01 23:05:00
"967",-428,"RLA496845S",1.287,8.833875,-0.34882,2020-01-01 23:05:00
"968",-525,"RLA496845S",1.287,8.8416875,-0.427875,2020-01-01 23:05:00
"969",-390,"RLA496845S",1.287,8.8495,-0.31785,2020-01-01 23:05:00
"970",-474,"RLA496845S",1.287,8.8573125,-0.38631,2020-01-01 23:05:00
"971",-510,"RLA496845S",1.287,8.865125,-0.41565,2020-01-01 23:05:00
"972",-487,"RLA496845S",1.287,8.8729375,-0.396905,2020-01-01 23:05:00
"973",-524,"RLA496845S",1.287,8.88075,-0.42706,2020-01-01 23:05:00
"974",-524,"RLA496845S",1.287,8.8885625,-0.42706,2020-01-01 23:05:00
"975",-579,"RLA496845S",1.287,8.896375,-0.471885,2020-01-01 23:05:00
"976",-633,"RLA496845S",1.287,8.9041875,-0.515895,2020-01-01 23:05:00
"977",-553,"RLA496845S",1.287,8.912,-0.450695,2020-01-01 23:05:00
"978",-571,"RLA496845S",1.287,8.9198125,-0.465365,2020-01-01 23:05:00
"979",-609,"RLA496845S",1.287,8.927625,-0.496335,2020-01-01 23:05:00
"980",-631,"RLA496845S",1.287,8.9354375,-0.514265,2020-01-01 23:05:00
"981",-657,"RLA496845S",1.287,8.94325,-0.535455,2020-01-01 23:05:00
"982",-670,"RLA496845S",1.287,8.9510625,-0.54605,2020-01-01 23:05:00
"983",-701,"RLA496845S",1.287,8.958875,-0.571315,2020-01-01 23:05:00
"984",-709,"RLA496845S",1.287,8.9666875,-0.577835,2020-01-01 23:05:00
"985",-715,"RLA496845S",1.287,8.9745,-0.582725,2020-01-01 23:05:00
"986",-743,"RLA496845S",1.287,8.9823125,-0.605545,2020-01-01 23:05:00
"987",-739,"RLA496845S",1.287,8.990125,-0.602285,2020-01-01 23:05:00
"988",-662,"RLA496845S",1.287,8.9979375,-0.53953,2020-01-01 23:05:00
"989",-517,"RLA496845S",1.287,9.00575,-0.421355,2020-01-01 23:05:00
"990",-396,"RLA496845S",1.287,9.0135625,-0.32274,2020-01-01 23:05:00
"991",-354,"RLA496845S",1.287,9.021375,-0.28851,2020-01-01 23:05:00
"992",-337,"RLA496845S",1.287,9.0291875,-0.274655,2020-01-01 23:05:00
"993",-340,"RLA496845S",1.287,9.037,-0.2771,2020-01-01 23:05:00
"994",-341,"RLA496845S",1.287,9.0448125,-0.277915,2020-01-01 23:05:00
"995",-343,"RLA496845S",1.287,9.052625,-0.279545,2020-01-01 23:05:00
"996",-349,"RLA496845S",1.287,9.0604375,-0.284435,2020-01-01 23:05:00
"997",-351,"RLA496845S",1.287,9.06825,-0.286065,2020-01-01 23:05:00
"998",-361,"RLA496845S",1.287,9.0760625,-0.294215,2020-01-01 23:05:00
"999",-370,"RLA496845S",1.287,9.083875,-0.30155,2020-01-01 23:05:00
"1000",-368,"RLA496845S",1.287,9.0916875,-0.29992,2020-01-01 23:05:00
"1001",-375,"RLA496845S",1.287,9.0995,-0.305625,2020-01-01 23:05:00
"1002",-381,"RLA496845S",1.287,9.1073125,-0.310515,2020-01-01 23:05:00
"1003",-384,"RLA496845S",1.287,9.115125,-0.31296,2020-01-01 23:05:00
"1004",-386,"RLA496845S",1.287,9.1229375,-0.31459,2020-01-01 23:05:00
"1005",-387,"RLA496845S",1.287,9.13075,-0.315405,2020-01-01 23:05:00
"1006",-388,"RLA496845S",1.287,9.1385625,-0.31622,2020-01-01 23:05:00
"1007",-383,"RLA496845S",1.287,9.146375,-0.312145,2020-01-01 23:05:00
"1008",-376,"RLA496845S",1.287,9.1541875,-0.30644,2020-01-01 23:05:00
"1009",-375,"RLA496845S",1.287,9.162,-0.305625,2020-01-01 23:05:00
"1010",-374,"RLA496845S",1.287,9.1698125,-0.30481,2020-01-01 23:05:00
"1011",-373,"RLA496845S",1.287,9.177625,-0.303995,2020-01-01 23:05:00
"1012",-372,"RLA496845S",1.287,9.1854375,-0.30318,2020-01-01 23:05:00
"1013",-372,"RLA496845S",1.287,9.19325,-0.30318,2020-01-01 23:05:00
"1014",-376,"RLA496845S",1.287,9.2010625,-0.30644,2020-01-01 23:05:00
"1015",-377,"RLA496845S",1.287,9.208875,-0.307255,2020-01-01 23:05:00
"1016",-376,"RLA496845S",1.287,9.2166875,-0.30644,2020-01-01 23:05:00
"1017",-378,"RLA496845S",1.287,9.2245,-0.30807,2020-01-01 23:05:00
"1018",-380,"RLA496845S",1.287,9.2323125,-0.3097,2020-01-01 23:05:00
"1019",-380,"RLA496845S",1.287,9.240125,-0.3097,2020-01-01 23:05:00
"1020",-379,"RLA496845S",1.287,9.2479375,-0.308885,2020-01-01 23:05:00
"1021",-381,"RLA496845S",1.287,9.25575,-0.310515,2020-01-01 23:05:00
"1022",-385,"RLA496845S",1.287,9.2635625,-0.313775,2020-01-01 23:05:00
"1023",-387,"RLA496845S",1.287,9.271375,-0.315405,2020-01-01 23:05:00
"1024",-387,"RLA496845S",1.287,9.2791875,-0.315405,2020-01-01 23:05:00
"1025",-388,"RLA496845S",1.287,9.287,-0.31622,2020-01-01 23:05:00
"1026",-390,"RLA496845S",1.287,9.2948125,-0.31785,2020-01-01 23:05:00
"1027",-390,"RLA496845S",1.287,9.302625,-0.31785,2020-01-01 23:05:00
"1028",-392,"RLA496845S",1.287,9.3104375,-0.31948,2020-01-01 23:05:00
"1029",-393,"RLA496845S",1.287,9.31825,-0.320295,2020-01-01 23:05:00
"1030",-394,"RLA496845S",1.287,9.3260625,-0.32111,2020-01-01 23:05:00
"1031",-395,"RLA496845S",1.287,9.333875,-0.321925,2020-01-01 23:05:00
"1032",-397,"RLA496845S",1.287,9.3416875,-0.323555,2020-01-01 23:05:00
"1033",-396,"RLA496845S",1.287,9.3495,-0.32274,2020-01-01 23:05:00
"1034",-399,"RLA496845S",1.287,9.3573125,-0.325185,2020-01-01 23:05:00
"1035",-404,"RLA496845S",1.287,9.365125,-0.32926,2020-01-01 23:05:00
"1036",-402,"RLA496845S",1.287,9.3729375,-0.32763,2020-01-01 23:05:00
"1037",-398,"RLA496845S",1.287,9.38075,-0.32437,2020-01-01 23:05:00
"1038",-401,"RLA496845S",1.287,9.3885625,-0.326815,2020-01-01 23:05:00
"1039",-405,"RLA496845S",1.287,9.396375,-0.330075,2020-01-01 23:05:00
"1040",-406,"RLA496845S",1.287,9.4041875,-0.33089,2020-01-01 23:05:00
"1041",-404,"RLA496845S",1.287,9.412,-0.32926,2020-01-01 23:05:00
"1042",-406,"RLA496845S",1.287,9.4198125,-0.33089,2020-01-01 23:05:00
"1043",-411,"RLA496845S",1.287,9.427625,-0.334965,2020-01-01 23:05:00
"1044",-412,"RLA496845S",1.287,9.4354375,-0.33578,2020-01-01 23:05:00
"1045",-410,"RLA496845S",1.287,9.44325,-0.33415,2020-01-01 23:05:00
"1046",-411,"RLA496845S",1.287,9.4510625,-0.334965,2020-01-01 23:05:00
"1047",-414,"RLA496845S",1.287,9.458875,-0.33741,2020-01-01 23:05:00
"1048",-412,"RLA496845S",1.287,9.4666875,-0.33578,2020-01-01 23:05:00
"1049",-413,"RLA496845S",1.287,9.4745,-0.336595,2020-01-01 23:05:00
"1050",-412,"RLA496845S",1.287,9.4823125,-0.33578,2020-01-01 23:05:00
"1051",-413,"RLA496845S",1.287,9.490125,-0.336595,2020-01-01 23:05:00
"1052",-418,"RLA496845S",1.287,9.4979375,-0.34067,2020-01-01 23:05:00
"1053",-420,"RLA496845S",1.287,9.50575,-0.3423,2020-01-01 23:05:00
"1054",-421,"RLA496845S",1.287,9.5135625,-0.343115,2020-01-01 23:05:00
"1055",-418,"RLA496845S",1.287,9.521375,-0.34067,2020-01-01 23:05:00
"1056",-419,"RLA496845S",1.287,9.5291875,-0.341485,2020-01-01 23:05:00
"1057",-423,"RLA496845S",1.287,9.537,-0.344745,2020-01-01 23:05:00
"1058",-425,"RLA496845S",1.287,9.5448125,-0.346375,2020-01-01 23:05:00
"1059",-423,"RLA496845S",1.287,9.552625,-0.344745,2020-01-01 23:05:00
"1060",-421,"RLA496845S",1.287,9.5604375,-0.343115,2020-01-01 23:05:00
"1061",-422,"RLA496845S",1.287,9.56825,-0.34393,2020-01-01 23:05:00
"1062",-424,"RLA496845S",1.287,9.5760625,-0.34556,2020-01-01 23:05:00
"1063",-423,"RLA496845S",1.287,9.583875,-0.344745,2020-01-01 23:05:00
"1064",-424,"RLA496845S",1.287,9.5916875,-0.34556,2020-01-01 23:05:00
"1065",-425,"RLA496845S",1.287,9.5995,-0.346375,2020-01-01 23:05:00
"1066",-426,"RLA496845S",1.287,9.6073125,-0.34719,2020-01-01 23:05:00
"1067",-426,"RLA496845S",1.287,9.615125,-0.34719,2020-01-01 23:05:00
"1068",-427,"RLA496845S",1.287,9.6229375,-0.348005,2020-01-01 23:05:00
"1069",-432,"RLA496845S",1.287,9.63075,-0.35208,2020-01-01 23:05:00
"1070",-442,"RLA496845S",1.287,9.6385625,-0.36023,2020-01-01 23:05:00
"1071",-440,"RLA496845S",1.287,9.646375,-0.3586,2020-01-01 23:05:00
"1072",-423,"RLA496845S",1.287,9.6541875,-0.344745,2020-01-01 23:05:00
"1073",-410,"RLA496845S",1.287,9.662,-0.33415,2020-01-01 23:05:00
"1074",-417,"RLA496845S",1.287,9.6698125,-0.339855,2020-01-01 23:05:00
"1075",-451,"RLA496845S",1.287,9.677625,-0.367565,2020-01-01 23:05:00
"1076",-466,"RLA496845S",1.287,9.6854375,-0.37979,2020-01-01 23:05:00
"1077",-447,"RLA496845S",1.287,9.69325,-0.364305,2020-01-01 23:05:00
"1078",-430,"RLA496845S",1.287,9.7010625,-0.35045,2020-01-01 23:05:00
"1079",-428,"RLA496845S",1.287,9.708875,-0.34882,2020-01-01 23:05:00
"1080",-429,"RLA496845S",1.287,9.7166875,-0.349635,2020-01-01 23:05:00
"1081",-427,"RLA496845S",1.287,9.7245,-0.348005,2020-01-01 23:05:00
"1082",-424,"RLA496845S",1.287,9.7323125,-0.34556,2020-01-01 23:05:00
"1083",-422,"RLA496845S",1.287,9.740125,-0.34393,2020-01-01 23:05:00
"1084",-424,"RLA496845S",1.287,9.7479375,-0.34556,2020-01-01 23:05:00
"1085",-427,"RLA496845S",1.287,9.75575,-0.348005,2020-01-01 23:05:00
"1086",-428,"RLA496845S",1.287,9.7635625,-0.34882,2020-01-01 23:05:00
"1087",-430,"RLA496845S",1.287,9.771375,-0.35045,2020-01-01 23:05:00
"1088",-429,"RLA496845S",1.287,9.7791875,-0.349635,2020-01-01 23:05:00
"1089",-430,"RLA496845S",1.287,9.787,-0.35045,2020-01-01 23:05:00
"1090",-433,"RLA496845S",1.287,9.7948125,-0.352895,2020-01-01 23:05:00
"1091",-401,"RLA496845S",1.287,9.802625,-0.326815,2020-01-01 23:05:00
"1092",-477,"RLA496845S",1.287,9.8104375,-0.388755,2020-01-01 23:05:00
"1093",-1092,"RLA496845S",1.287,9.81825,-0.88998,2020-01-01 23:05:00
"1094",-1877,"RLA496845S",1.287,9.8260625,-1.529755,2020-01-01 23:05:00
"1095",-1615,"RLA496845S",1.287,9.833875,-1.316225,2020-01-01 23:05:00
"1096",-70,"RLA496845S",1.287,9.8416875,-0.05705,2020-01-01 23:05:00
"1097",69,"RLA496845S",1.287,9.8495,0.056235,2020-01-01 23:05:00
"1098",-456,"RLA496845S",1.287,9.8573125,-0.37164,2020-01-01 23:05:00
"1099",-522,"RLA496845S",1.287,9.865125,-0.42543,2020-01-01 23:05:00
"1100",-393,"RLA496845S",1.287,9.8729375,-0.320295,2020-01-01 23:05:00
"1101",-469,"RLA496845S",1.287,9.88075,-0.382235,2020-01-01 23:05:00
"1102",-501,"RLA496845S",1.287,9.8885625,-0.408315,2020-01-01 23:05:00
"1103",-463,"RLA496845S",1.287,9.896375,-0.377345,2020-01-01 23:05:00
"1104",-522,"RLA496845S",1.287,9.9041875,-0.42543,2020-01-01 23:05:00
"1105",-524,"RLA496845S",1.287,9.912,-0.42706,2020-01-01 23:05:00
"1106",-554,"RLA496845S",1.287,9.9198125,-0.45151,2020-01-01 23:05:00
"1107",-544,"RLA496845S",1.287,9.927625,-0.44336,2020-01-01 23:05:00
"1108",-505,"RLA496845S",1.287,9.9354375,-0.411575,2020-01-01 23:05:00
"1109",-575,"RLA496845S",1.287,9.94325,-0.468625,2020-01-01 23:05:00
"1110",-608,"RLA496845S",1.287,9.9510625,-0.49552,2020-01-01 23:05:00
"1111",-626,"RLA496845S",1.287,9.958875,-0.51019,2020-01-01 23:05:00
"1112",-651,"RLA496845S",1.287,9.9666875,-0.530565,2020-01-01 23:05:00
"1113",-661,"RLA496845S",1.287,9.9745,-0.538715,2020-01-01 23:05:00
"1114",-698,"RLA496845S",1.287,9.9823125,-0.56887,2020-01-01 23:05:00
"1115",-711,"RLA496845S",1.287,9.990125,-0.579465,2020-01-01 23:05:00
"1116",-726,"RLA496845S",1.287,9.9979375,-0.59169,2020-01-01 23:05:00
"1117",-744,"RLA496845S",1.287,10.00575,-0.60636,2020-01-01 23:05:00
"1118",-721,"RLA496845S",1.287,10.0135625,-0.587615,2020-01-01 23:05:00
"1119",-651,"RLA496845S",1.287,10.021375,-0.530565,2020-01-01 23:05:00
"1120",-482,"RLA496845S",1.287,10.0291875,-0.39283,2020-01-01 23:05:00
"1121",-381,"RLA496845S",1.287,10.037,-0.310515,2020-01-01 23:05:00
"1122",-341,"RLA496845S",1.287,10.0448125,-0.277915,2020-01-01 23:05:00
"1123",-328,"RLA496845S",1.287,10.052625,-0.26732,2020-01-01 23:05:00
"1124",-334,"RLA496845S",1.287,10.0604375,-0.27221,2020-01-01 23:05:00
"1125",-336,"RLA496845S",1.287,10.06825,-0.27384,2020-01-01 23:05:00
"1126",-336,"RLA496845S",1.287,10.0760625,-0.27384,2020-01-01 23:05:00
"1127",-343,"RLA496845S",1.287,10.083875,-0.279545,2020-01-01 23:05:00
"1128",-347,"RLA496845S",1.287,10.0916875,-0.282805,2020-01-01 23:05:00
"1129",-355,"RLA496845S",1.287,10.0995,-0.289325,2020-01-01 23:05:00
"1130",-362,"RLA496845S",1.287,10.1073125,-0.29503,2020-01-01 23:05:00
"1131",-366,"RLA496845S",1.287,10.115125,-0.29829,2020-01-01 23:05:00
"1132",-372,"RLA496845S",1.287,10.1229375,-0.30318,2020-01-01 23:05:00
"1133",-375,"RLA496845S",1.287,10.13075,-0.305625,2020-01-01 23:05:00
"1134",-375,"RLA496845S",1.287,10.1385625,-0.305625,2020-01-01 23:05:00
"1135",-374,"RLA496845S",1.287,10.146375,-0.30481,2020-01-01 23:05:00
"1136",-376,"RLA496845S",1.287,10.1541875,-0.30644,2020-01-01 23:05:00
"1137",-379,"RLA496845S",1.287,10.162,-0.308885,2020-01-01 23:05:00
"1138",-374,"RLA496845S",1.287,10.1698125,-0.30481,2020-01-01 23:05:00
"1139",-370,"RLA496845S",1.287,10.177625,-0.30155,2020-01-01 23:05:00
"1140",-371,"RLA496845S",1.287,10.1854375,-0.302365,2020-01-01 23:05:00
"1141",-368,"RLA496845S",1.287,10.19325,-0.29992,2020-01-01 23:05:00
"1142",-367,"RLA496845S",1.287,10.2010625,-0.299105,2020-01-01 23:05:00
"1143",-369,"RLA496845S",1.287,10.208875,-0.300735,2020-01-01 23:05:00
"1144",-370,"RLA496845S",1.287,10.2166875,-0.30155,2020-01-01 23:05:00
"1145",-371,"RLA496845S",1.287,10.2245,-0.302365,2020-01-01 23:05:00
"1146",-372,"RLA496845S",1.287,10.2323125,-0.30318,2020-01-01 23:05:00
"1147",-374,"RLA496845S",1.287,10.240125,-0.30481,2020-01-01 23:05:00
"1148",-376,"RLA496845S",1.287,10.2479375,-0.30644,2020-01-01 23:05:00
"1149",-377,"RLA496845S",1.287,10.25575,-0.307255,2020-01-01 23:05:00
"1150",-377,"RLA496845S",1.287,10.2635625,-0.307255,2020-01-01 23:05:00
"1151",-378,"RLA496845S",1.287,10.271375,-0.30807,2020-01-01 23:05:00
"1152",-382,"RLA496845S",1.287,10.2791875,-0.31133,2020-01-01 23:05:00
"1153",-382,"RLA496845S",1.287,10.287,-0.31133,2020-01-01 23:05:00
"1154",-382,"RLA496845S",1.287,10.2948125,-0.31133,2020-01-01 23:05:00
"1155",-385,"RLA496845S",1.287,10.302625,-0.313775,2020-01-01 23:05:00
"1156",-389,"RLA496845S",1.287,10.3104375,-0.317035,2020-01-01 23:05:00
"1157",-389,"RLA496845S",1.287,10.31825,-0.317035,2020-01-01 23:05:00
"1158",-389,"RLA496845S",1.287,10.3260625,-0.317035,2020-01-01 23:05:00
"1159",-390,"RLA496845S",1.287,10.333875,-0.31785,2020-01-01 23:05:00
"1160",-387,"RLA496845S",1.287,10.3416875,-0.315405,2020-01-01 23:05:00
"1161",-389,"RLA496845S",1.287,10.3495,-0.317035,2020-01-01 23:05:00
"1162",-396,"RLA496845S",1.287,10.3573125,-0.32274,2020-01-01 23:05:00
"1163",-398,"RLA496845S",1.287,10.365125,-0.32437,2020-01-01 23:05:00
"1164",-397,"RLA496845S",1.287,10.3729375,-0.323555,2020-01-01 23:05:00
"1165",-396,"RLA496845S",1.287,10.38075,-0.32274,2020-01-01 23:05:00
"1166",-396,"RLA496845S",1.287,10.3885625,-0.32274,2020-01-01 23:05:00
"1167",-397,"RLA496845S",1.287,10.396375,-0.323555,2020-01-01 23:05:00
"1168",-400,"RLA496845S",1.287,10.4041875,-0.326,2020-01-01 23:05:00
"1169",-402,"RLA496845S",1.287,10.412,-0.32763,2020-01-01 23:05:00
"1170",-400,"RLA496845S",1.287,10.4198125,-0.326,2020-01-01 23:05:00
"1171",-398,"RLA496845S",1.287,10.427625,-0.32437,2020-01-01 23:05:00
"1172",-403,"RLA496845S",1.287,10.4354375,-0.328445,2020-01-01 23:05:00
"1173",-409,"RLA496845S",1.287,10.44325,-0.333335,2020-01-01 23:05:00
"1174",-405,"RLA496845S",1.287,10.4510625,-0.330075,2020-01-01 23:05:00
"1175",-404,"RLA496845S",1.287,10.458875,-0.32926,2020-01-01 23:05:00
"1176",-407,"RLA496845S",1.287,10.4666875,-0.331705,2020-01-01 23:05:00
"1177",-406,"RLA496845S",1.287,10.4745,-0.33089,2020-01-01 23:05:00
"1178",-408,"RLA496845S",1.287,10.4823125,-0.33252,2020-01-01 23:05:00
"1179",-408,"RLA496845S",1.287,10.490125,-0.33252,2020-01-01 23:05:00
"1180",-410,"RLA496845S",1.287,10.4979375,-0.33415,2020-01-01 23:05:00
"1181",-415,"RLA496845S",1.287,10.50575,-0.338225,2020-01-01 23:05:00
"1182",-414,"RLA496845S",1.287,10.5135625,-0.33741,2020-01-01 23:05:00
"1183",-411,"RLA496845S",1.287,10.521375,-0.334965,2020-01-01 23:05:00
"1184",-414,"RLA496845S",1.287,10.5291875,-0.33741,2020-01-01 23:05:00
"1185",-414,"RLA496845S",1.287,10.537,-0.33741,2020-01-01 23:05:00
"1186",-415,"RLA496845S",1.287,10.5448125,-0.338225,2020-01-01 23:05:00
"1187",-418,"RLA496845S",1.287,10.552625,-0.34067,2020-01-01 23:05:00
"1188",-420,"RLA496845S",1.287,10.5604375,-0.3423,2020-01-01 23:05:00
"1189",-425,"RLA496845S",1.287,10.56825,-0.346375,2020-01-01 23:05:00
"1190",-429,"RLA496845S",1.287,10.5760625,-0.349635,2020-01-01 23:05:00
"1191",-419,"RLA496845S",1.287,10.583875,-0.341485,2020-01-01 23:05:00
"1192",-402,"RLA496845S",1.287,10.5916875,-0.32763,2020-01-01 23:05:00
"1193",-411,"RLA496845S",1.287,10.5995,-0.334965,2020-01-01 23:05:00
"1194",-440,"RLA496845S",1.287,10.6073125,-0.3586,2020-01-01 23:05:00
"1195",-456,"RLA496845S",1.287,10.615125,-0.37164,2020-01-01 23:05:00
"1196",-439,"RLA496845S",1.287,10.6229375,-0.357785,2020-01-01 23:05:00
"1197",-424,"RLA496845S",1.287,10.63075,-0.34556,2020-01-01 23:05:00
"1198",-423,"RLA496845S",1.287,10.6385625,-0.344745,2020-01-01 23:05:00
"1199",-418,"RLA496845S",1.287,10.646375,-0.34067,2020-01-01 23:05:00
"1200",-414,"RLA496845S",1.287,10.6541875,-0.33741,2020-01-01 23:05:00
"1201",-413,"RLA496845S",1.287,10.662,-0.336595,2020-01-01 23:05:00
"1202",-412,"RLA496845S",1.287,10.6698125,-0.33578,2020-01-01 23:05:00
"1203",-414,"RLA496845S",1.287,10.677625,-0.33741,2020-01-01 23:05:00
"1204",-414,"RLA496845S",1.287,10.6854375,-0.33741,2020-01-01 23:05:00
"1205",-413,"RLA496845S",1.287,10.69325,-0.336595,2020-01-01 23:05:00
"1206",-416,"RLA496845S",1.287,10.7010625,-0.33904,2020-01-01 23:05:00
"1207",-420,"RLA496845S",1.287,10.708875,-0.3423,2020-01-01 23:05:00
"1208",-415,"RLA496845S",1.287,10.7166875,-0.338225,2020-01-01 23:05:00
"1209",-419,"RLA496845S",1.287,10.7245,-0.341485,2020-01-01 23:05:00
"1210",-644,"RLA496845S",1.287,10.7323125,-0.52486,2020-01-01 23:05:00
"1211",-1360,"RLA496845S",1.287,10.740125,-1.1084,2020-01-01 23:05:00
"1212",-1936,"RLA496845S",1.287,10.7479375,-1.57784,2020-01-01 23:05:00
"1213",-1199,"RLA496845S",1.287,10.75575,-0.977185,2020-01-01 23:05:00
"1214",7,"RLA496845S",1.287,10.7635625,0.005705,2020-01-01 23:05:00
"1215",53,"RLA496845S",1.287,10.771375,0.043195,2020-01-01 23:05:00
"1216",-570,"RLA496845S",1.287,10.7791875,-0.46455,2020-01-01 23:05:00
"1217",-502,"RLA496845S",1.287,10.787,-0.40913,2020-01-01 23:05:00
"1218",-434,"RLA496845S",1.287,10.7948125,-0.35371,2020-01-01 23:05:00
"1219",-510,"RLA496845S",1.287,10.802625,-0.41565,2020-01-01 23:05:00
"1220",-484,"RLA496845S",1.287,10.8104375,-0.39446,2020-01-01 23:05:00
"1221",-460,"RLA496845S",1.287,10.81825,-0.3749,2020-01-01 23:05:00
"1222",-517,"RLA496845S",1.287,10.8260625,-0.421355,2020-01-01 23:05:00
"1223",-520,"RLA496845S",1.287,10.833875,-0.4238,2020-01-01 23:05:00
"1224",-570,"RLA496845S",1.287,10.8416875,-0.46455,2020-01-01 23:05:00
"1225",-563,"RLA496845S",1.287,10.8495,-0.458845,2020-01-01 23:05:00
"1226",-584,"RLA496845S",1.287,10.8573125,-0.47596,2020-01-01 23:05:00
"1227",-649,"RLA496845S",1.287,10.865125,-0.528935,2020-01-01 23:05:00
"1228",-617,"RLA496845S",1.287,10.8729375,-0.502855,2020-01-01 23:05:00
"1229",-627,"RLA496845S",1.287,10.88075,-0.511005,2020-01-01 23:05:00
"1230",-671,"RLA496845S",1.287,10.8885625,-0.546865,2020-01-01 23:05:00
"1231",-697,"RLA496845S",1.287,10.896375,-0.568055,2020-01-01 23:05:00
"1232",-734,"RLA496845S",1.287,10.9041875,-0.59821,2020-01-01 23:05:00
"1233",-739,"RLA496845S",1.287,10.912,-0.602285,2020-01-01 23:05:00
"1234",-772,"RLA496845S",1.287,10.9198125,-0.62918,2020-01-01 23:05:00
"1235",-804,"RLA496845S",1.287,10.927625,-0.65526,2020-01-01 23:05:00
"1236",-762,"RLA496845S",1.287,10.9354375,-0.62103,2020-01-01 23:05:00
"1237",-627,"RLA496845S",1.287,10.94325,-0.511005,2020-01-01 23:05:00
"1238",-450,"RLA496845S",1.287,10.9510625,-0.36675,2020-01-01 23:05:00
"1239",-350,"RLA496845S",1.287,10.958875,-0.28525,2020-01-01 23:05:00
"1240",-320,"RLA496845S",1.287,10.9666875,-0.2608,2020-01-01 23:05:00
"1241",-312,"RLA496845S",1.287,10.9745,-0.25428,2020-01-01 23:05:00
"1242",-320,"RLA496845S",1.287,10.9823125,-0.2608,2020-01-01 23:05:00
"1243",-314,"RLA496845S",1.287,10.990125,-0.25591,2020-01-01 23:05:00
"1244",-316,"RLA496845S",1.287,10.9979375,-0.25754,2020-01-01 23:05:00
"1245",-329,"RLA496845S",1.287,11.00575,-0.268135,2020-01-01 23:05:00
"1246",-332,"RLA496845S",1.287,11.0135625,-0.27058,2020-01-01 23:05:00
"1247",-341,"RLA496845S",1.287,11.021375,-0.277915,2020-01-01 23:05:00
"1248",-355,"RLA496845S",1.287,11.0291875,-0.289325,2020-01-01 23:05:00
"1249",-354,"RLA496845S",1.287,11.037,-0.28851,2020-01-01 23:05:00
"1250",-358,"RLA496845S",1.287,11.0448125,-0.29177,2020-01-01 23:05:00
"1251",-365,"RLA496845S",1.287,11.052625,-0.297475,2020-01-01 23:05:00
"1252",-371,"RLA496845S",1.287,11.0604375,-0.302365,2020-01-01 23:05:00
"1253",-367,"RLA496845S",1.287,11.06825,-0.299105,2020-01-01 23:05:00
"1254",-363,"RLA496845S",1.287,11.0760625,-0.295845,2020-01-01 23:05:00
"1255",-367,"RLA496845S",1.287,11.083875,-0.299105,2020-01-01 23:05:00
"1256",-366,"RLA496845S",1.287,11.0916875,-0.29829,2020-01-01 23:05:00
"1257",-363,"RLA496845S",1.287,11.0995,-0.295845,2020-01-01 23:05:00
"1258",-359,"RLA496845S",1.287,11.1073125,-0.292585,2020-01-01 23:05:00
"1259",-357,"RLA496845S",1.287,11.115125,-0.290955,2020-01-01 23:05:00
"1260",-358,"RLA496845S",1.287,11.1229375,-0.29177,2020-01-01 23:05:00
"1261",-358,"RLA496845S",1.287,11.13075,-0.29177,2020-01-01 23:05:00
"1262",-360,"RLA496845S",1.287,11.1385625,-0.2934,2020-01-01 23:05:00
"1263",-364,"RLA496845S",1.287,11.146375,-0.29666,2020-01-01 23:05:00
"1264",-363,"RLA496845S",1.287,11.1541875,-0.295845,2020-01-01 23:05:00
"1265",-366,"RLA496845S",1.287,11.162,-0.29829,2020-01-01 23:05:00
"1266",-369,"RLA496845S",1.287,11.1698125,-0.300735,2020-01-01 23:05:00
"1267",-370,"RLA496845S",1.287,11.177625,-0.30155,2020-01-01 23:05:00
"1268",-367,"RLA496845S",1.287,11.1854375,-0.299105,2020-01-01 23:05:00
"1269",-368,"RLA496845S",1.287,11.19325,-0.29992,2020-01-01 23:05:00
"1270",-374,"RLA496845S",1.287,11.2010625,-0.30481,2020-01-01 23:05:00
"1271",-373,"RLA496845S",1.287,11.208875,-0.303995,2020-01-01 23:05:00
"1272",-374,"RLA496845S",1.287,11.2166875,-0.30481,2020-01-01 23:05:00
"1273",-376,"RLA496845S",1.287,11.2245,-0.30644,2020-01-01 23:05:00
"1274",-379,"RLA496845S",1.287,11.2323125,-0.308885,2020-01-01 23:05:00
"1275",-388,"RLA496845S",1.287,11.240125,-0.31622,2020-01-01 23:05:00
"1276",-394,"RLA496845S",1.287,11.2479375,-0.32111,2020-01-01 23:05:00
"1277",-385,"RLA496845S",1.287,11.25575,-0.313775,2020-01-01 23:05:00
"1278",-369,"RLA496845S",1.287,11.2635625,-0.300735,2020-01-01 23:05:00
"1279",-378,"RLA496845S",1.287,11.271375,-0.30807,2020-01-01 23:05:00
"1280",-420,"RLA496845S",1.287,11.2791875,-0.3423,2020-01-01 23:05:00
"1281",-427,"RLA496845S",1.287,11.287,-0.348005,2020-01-01 23:05:00
"1282",-411,"RLA496845S",1.287,11.2948125,-0.334965,2020-01-01 23:05:00
"1283",-403,"RLA496845S",1.287,11.302625,-0.328445,2020-01-01 23:05:00
"1284",-399,"RLA496845S",1.287,11.3104375,-0.325185,2020-01-01 23:05:00
"1285",-389,"RLA496845S",1.287,11.31825,-0.317035,2020-01-01 23:05:00
"1286",-386,"RLA496845S",1.287,11.3260625,-0.31459,2020-01-01 23:05:00
"1287",-386,"RLA496845S",1.287,11.333875,-0.31459,2020-01-01 23:05:00
"1288",-381,"RLA496845S",1.287,11.3416875,-0.310515,2020-01-01 23:05:00
"1289",-385,"RLA496845S",1.287,11.3495,-0.313775,2020-01-01 23:05:00
"1290",-388,"RLA496845S",1.287,11.3573125,-0.31622,2020-01-01 23:05:00
"1291",-388,"RLA496845S",1.287,11.365125,-0.31622,2020-01-01 23:05:00
"1292",-392,"RLA496845S",1.287,11.3729375,-0.31948,2020-01-01 23:05:00
"1293",-392,"RLA496845S",1.287,11.38075,-0.31948,2020-01-01 23:05:00
"1294",-391,"RLA496845S",1.287,11.3885625,-0.318665,2020-01-01 23:05:00
"1295",-459,"RLA496845S",1.287,11.396375,-0.374085,2020-01-01 23:05:00
"1296",-1067,"RLA496845S",1.287,11.4041875,-0.869605,2020-01-01 23:05:00
"1297",-2059,"RLA496845S",1.287,11.412,-1.678085,2020-01-01 23:05:00
