"","waveform","serial","offset","time.sec","voltage.mv","date.time"
"1",-807,"RLA496839S",1.627,1.627,-0.657705,2020-01-08 23:05:00
"2",-167,"RLA496839S",1.627,1.6348125,-0.136105,2020-01-08 23:05:00
"3",-295,"RLA496839S",1.627,1.642625,-0.240425,2020-01-08 23:05:00
"4",-383,"RLA496839S",1.627,1.6504375,-0.312145,2020-01-08 23:05:00
"5",-419,"RLA496839S",1.627,1.65825,-0.341485,2020-01-08 23:05:00
"6",-390,"RLA496839S",1.627,1.6660625,-0.31785,2020-01-08 23:05:00
"7",-389,"RLA496839S",1.627,1.673875,-0.317035,2020-01-08 23:05:00
"8",-402,"RLA496839S",1.627,1.6816875,-0.32763,2020-01-08 23:05:00
"9",-399,"RLA496839S",1.627,1.6895,-0.325185,2020-01-08 23:05:00
"10",-414,"RLA496839S",1.627,1.6973125,-0.33741,2020-01-08 23:05:00
"11",-417,"RLA496839S",1.627,1.705125,-0.339855,2020-01-08 23:05:00
"12",-408,"RLA496839S",1.627,1.7129375,-0.33252,2020-01-08 23:05:00
"13",-412,"RLA496839S",1.627,1.72075,-0.33578,2020-01-08 23:05:00
"14",-414,"RLA496839S",1.627,1.7285625,-0.33741,2020-01-08 23:05:00
"15",-418,"RLA496839S",1.627,1.736375,-0.34067,2020-01-08 23:05:00
"16",-420,"RLA496839S",1.627,1.7441875,-0.3423,2020-01-08 23:05:00
"17",-422,"RLA496839S",1.627,1.752,-0.34393,2020-01-08 23:05:00
"18",-427,"RLA496839S",1.627,1.7598125,-0.348005,2020-01-08 23:05:00
"19",-429,"RLA496839S",1.627,1.767625,-0.349635,2020-01-08 23:05:00
"20",-435,"RLA496839S",1.627,1.7754375,-0.354525,2020-01-08 23:05:00
"21",-437,"RLA496839S",1.627,1.78325,-0.356155,2020-01-08 23:05:00
"22",-443,"RLA496839S",1.627,1.7910625,-0.361045,2020-01-08 23:05:00
"23",-453,"RLA496839S",1.627,1.798875,-0.369195,2020-01-08 23:05:00
"24",-458,"RLA496839S",1.627,1.8066875,-0.37327,2020-01-08 23:05:00
"25",-453,"RLA496839S",1.627,1.8145,-0.369195,2020-01-08 23:05:00
"26",-428,"RLA496839S",1.627,1.8223125,-0.34882,2020-01-08 23:05:00
"27",-395,"RLA496839S",1.627,1.830125,-0.321925,2020-01-08 23:05:00
"28",-379,"RLA496839S",1.627,1.8379375,-0.308885,2020-01-08 23:05:00
"29",-369,"RLA496839S",1.627,1.84575,-0.300735,2020-01-08 23:05:00
"30",-360,"RLA496839S",1.627,1.8535625,-0.2934,2020-01-08 23:05:00
"31",-358,"RLA496839S",1.627,1.861375,-0.29177,2020-01-08 23:05:00
"32",-358,"RLA496839S",1.627,1.8691875,-0.29177,2020-01-08 23:05:00
"33",-358,"RLA496839S",1.627,1.877,-0.29177,2020-01-08 23:05:00
"34",-357,"RLA496839S",1.627,1.8848125,-0.290955,2020-01-08 23:05:00
"35",-359,"RLA496839S",1.627,1.892625,-0.292585,2020-01-08 23:05:00
"36",-361,"RLA496839S",1.627,1.9004375,-0.294215,2020-01-08 23:05:00
"37",-362,"RLA496839S",1.627,1.90825,-0.29503,2020-01-08 23:05:00
"38",-363,"RLA496839S",1.627,1.9160625,-0.295845,2020-01-08 23:05:00
"39",-363,"RLA496839S",1.627,1.923875,-0.295845,2020-01-08 23:05:00
"40",-363,"RLA496839S",1.627,1.9316875,-0.295845,2020-01-08 23:05:00
"41",-366,"RLA496839S",1.627,1.9395,-0.29829,2020-01-08 23:05:00
"42",-366,"RLA496839S",1.627,1.9473125,-0.29829,2020-01-08 23:05:00
"43",-367,"RLA496839S",1.627,1.955125,-0.299105,2020-01-08 23:05:00
"44",-367,"RLA496839S",1.627,1.9629375,-0.299105,2020-01-08 23:05:00
"45",-366,"RLA496839S",1.627,1.97075,-0.29829,2020-01-08 23:05:00
"46",-365,"RLA496839S",1.627,1.9785625,-0.297475,2020-01-08 23:05:00
"47",-366,"RLA496839S",1.627,1.986375,-0.29829,2020-01-08 23:05:00
"48",-368,"RLA496839S",1.627,1.9941875,-0.29992,2020-01-08 23:05:00
"49",-369,"RLA496839S",1.627,2.002,-0.300735,2020-01-08 23:05:00
"50",-368,"RLA496839S",1.627,2.0098125,-0.29992,2020-01-08 23:05:00
"51",-367,"RLA496839S",1.627,2.017625,-0.299105,2020-01-08 23:05:00
"52",-365,"RLA496839S",1.627,2.0254375,-0.297475,2020-01-08 23:05:00
"53",-363,"RLA496839S",1.627,2.03325,-0.295845,2020-01-08 23:05:00
"54",-364,"RLA496839S",1.627,2.0410625,-0.29666,2020-01-08 23:05:00
"55",-367,"RLA496839S",1.627,2.048875,-0.299105,2020-01-08 23:05:00
"56",-369,"RLA496839S",1.627,2.0566875,-0.300735,2020-01-08 23:05:00
"57",-368,"RLA496839S",1.627,2.0645,-0.29992,2020-01-08 23:05:00
"58",-369,"RLA496839S",1.627,2.0723125,-0.300735,2020-01-08 23:05:00
"59",-369,"RLA496839S",1.627,2.080125,-0.300735,2020-01-08 23:05:00
"60",-369,"RLA496839S",1.627,2.0879375,-0.300735,2020-01-08 23:05:00
"61",-370,"RLA496839S",1.627,2.09575,-0.30155,2020-01-08 23:05:00
"62",-371,"RLA496839S",1.627,2.1035625,-0.302365,2020-01-08 23:05:00
"63",-370,"RLA496839S",1.627,2.111375,-0.30155,2020-01-08 23:05:00
"64",-370,"RLA496839S",1.627,2.1191875,-0.30155,2020-01-08 23:05:00
"65",-372,"RLA496839S",1.627,2.127,-0.30318,2020-01-08 23:05:00
"66",-370,"RLA496839S",1.627,2.1348125,-0.30155,2020-01-08 23:05:00
"67",-367,"RLA496839S",1.627,2.142625,-0.299105,2020-01-08 23:05:00
"68",-369,"RLA496839S",1.627,2.1504375,-0.300735,2020-01-08 23:05:00
"69",-373,"RLA496839S",1.627,2.15825,-0.303995,2020-01-08 23:05:00
"70",-372,"RLA496839S",1.627,2.1660625,-0.30318,2020-01-08 23:05:00
"71",-371,"RLA496839S",1.627,2.173875,-0.302365,2020-01-08 23:05:00
"72",-371,"RLA496839S",1.627,2.1816875,-0.302365,2020-01-08 23:05:00
"73",-372,"RLA496839S",1.627,2.1895,-0.30318,2020-01-08 23:05:00
"74",-372,"RLA496839S",1.627,2.1973125,-0.30318,2020-01-08 23:05:00
"75",-371,"RLA496839S",1.627,2.205125,-0.302365,2020-01-08 23:05:00
"76",-373,"RLA496839S",1.627,2.2129375,-0.303995,2020-01-08 23:05:00
"77",-375,"RLA496839S",1.627,2.22075,-0.305625,2020-01-08 23:05:00
"78",-373,"RLA496839S",1.627,2.2285625,-0.303995,2020-01-08 23:05:00
"79",-369,"RLA496839S",1.627,2.236375,-0.300735,2020-01-08 23:05:00
"80",-372,"RLA496839S",1.627,2.2441875,-0.30318,2020-01-08 23:05:00
"81",-375,"RLA496839S",1.627,2.252,-0.305625,2020-01-08 23:05:00
"82",-375,"RLA496839S",1.627,2.2598125,-0.305625,2020-01-08 23:05:00
"83",-375,"RLA496839S",1.627,2.267625,-0.305625,2020-01-08 23:05:00
"84",-377,"RLA496839S",1.627,2.2754375,-0.307255,2020-01-08 23:05:00
"85",-376,"RLA496839S",1.627,2.28325,-0.30644,2020-01-08 23:05:00
"86",-376,"RLA496839S",1.627,2.2910625,-0.30644,2020-01-08 23:05:00
"87",-376,"RLA496839S",1.627,2.298875,-0.30644,2020-01-08 23:05:00
"88",-375,"RLA496839S",1.627,2.3066875,-0.305625,2020-01-08 23:05:00
"89",-377,"RLA496839S",1.627,2.3145,-0.307255,2020-01-08 23:05:00
"90",-377,"RLA496839S",1.627,2.3223125,-0.307255,2020-01-08 23:05:00
"91",-377,"RLA496839S",1.627,2.330125,-0.307255,2020-01-08 23:05:00
"92",-378,"RLA496839S",1.627,2.3379375,-0.30807,2020-01-08 23:05:00
"93",-377,"RLA496839S",1.627,2.34575,-0.307255,2020-01-08 23:05:00
"94",-377,"RLA496839S",1.627,2.3535625,-0.307255,2020-01-08 23:05:00
"95",-379,"RLA496839S",1.627,2.361375,-0.308885,2020-01-08 23:05:00
"96",-380,"RLA496839S",1.627,2.3691875,-0.3097,2020-01-08 23:05:00
"97",-377,"RLA496839S",1.627,2.377,-0.307255,2020-01-08 23:05:00
"98",-375,"RLA496839S",1.627,2.3848125,-0.305625,2020-01-08 23:05:00
"99",-375,"RLA496839S",1.627,2.392625,-0.305625,2020-01-08 23:05:00
"100",-377,"RLA496839S",1.627,2.4004375,-0.307255,2020-01-08 23:05:00
"101",-379,"RLA496839S",1.627,2.40825,-0.308885,2020-01-08 23:05:00
"102",-379,"RLA496839S",1.627,2.4160625,-0.308885,2020-01-08 23:05:00
"103",-379,"RLA496839S",1.627,2.423875,-0.308885,2020-01-08 23:05:00
"104",-378,"RLA496839S",1.627,2.4316875,-0.30807,2020-01-08 23:05:00
"105",-379,"RLA496839S",1.627,2.4395,-0.308885,2020-01-08 23:05:00
"106",-380,"RLA496839S",1.627,2.4473125,-0.3097,2020-01-08 23:05:00
"107",-379,"RLA496839S",1.627,2.455125,-0.308885,2020-01-08 23:05:00
"108",-379,"RLA496839S",1.627,2.4629375,-0.308885,2020-01-08 23:05:00
"109",-377,"RLA496839S",1.627,2.47075,-0.307255,2020-01-08 23:05:00
"110",-376,"RLA496839S",1.627,2.4785625,-0.30644,2020-01-08 23:05:00
"111",-379,"RLA496839S",1.627,2.486375,-0.308885,2020-01-08 23:05:00
"112",-381,"RLA496839S",1.627,2.4941875,-0.310515,2020-01-08 23:05:00
"113",-379,"RLA496839S",1.627,2.502,-0.308885,2020-01-08 23:05:00
"114",-378,"RLA496839S",1.627,2.5098125,-0.30807,2020-01-08 23:05:00
"115",-380,"RLA496839S",1.627,2.517625,-0.3097,2020-01-08 23:05:00
"116",-381,"RLA496839S",1.627,2.5254375,-0.310515,2020-01-08 23:05:00
"117",-382,"RLA496839S",1.627,2.53325,-0.31133,2020-01-08 23:05:00
"118",-381,"RLA496839S",1.627,2.5410625,-0.310515,2020-01-08 23:05:00
"119",-381,"RLA496839S",1.627,2.548875,-0.310515,2020-01-08 23:05:00
"120",-382,"RLA496839S",1.627,2.5566875,-0.31133,2020-01-08 23:05:00
"121",-380,"RLA496839S",1.627,2.5645,-0.3097,2020-01-08 23:05:00
"122",-379,"RLA496839S",1.627,2.5723125,-0.308885,2020-01-08 23:05:00
"123",-383,"RLA496839S",1.627,2.580125,-0.312145,2020-01-08 23:05:00
"124",-384,"RLA496839S",1.627,2.5879375,-0.31296,2020-01-08 23:05:00
"125",-380,"RLA496839S",1.627,2.59575,-0.3097,2020-01-08 23:05:00
"126",-381,"RLA496839S",1.627,2.6035625,-0.310515,2020-01-08 23:05:00
"127",-386,"RLA496839S",1.627,2.611375,-0.31459,2020-01-08 23:05:00
"128",-384,"RLA496839S",1.627,2.6191875,-0.31296,2020-01-08 23:05:00
"129",-381,"RLA496839S",1.627,2.627,-0.310515,2020-01-08 23:05:00
"130",-380,"RLA496839S",1.627,2.6348125,-0.3097,2020-01-08 23:05:00
"131",-383,"RLA496839S",1.627,2.642625,-0.312145,2020-01-08 23:05:00
"132",-386,"RLA496839S",1.627,2.6504375,-0.31459,2020-01-08 23:05:00
"133",-384,"RLA496839S",1.627,2.65825,-0.31296,2020-01-08 23:05:00
"134",-382,"RLA496839S",1.627,2.6660625,-0.31133,2020-01-08 23:05:00
"135",-383,"RLA496839S",1.627,2.673875,-0.312145,2020-01-08 23:05:00
"136",-385,"RLA496839S",1.627,2.6816875,-0.313775,2020-01-08 23:05:00
"137",-384,"RLA496839S",1.627,2.6895,-0.31296,2020-01-08 23:05:00
"138",-381,"RLA496839S",1.627,2.6973125,-0.310515,2020-01-08 23:05:00
"139",-380,"RLA496839S",1.627,2.705125,-0.3097,2020-01-08 23:05:00
"140",-382,"RLA496839S",1.627,2.7129375,-0.31133,2020-01-08 23:05:00
"141",-383,"RLA496839S",1.627,2.72075,-0.312145,2020-01-08 23:05:00
"142",-387,"RLA496839S",1.627,2.7285625,-0.315405,2020-01-08 23:05:00
"143",-392,"RLA496839S",1.627,2.736375,-0.31948,2020-01-08 23:05:00
"144",-388,"RLA496839S",1.627,2.7441875,-0.31622,2020-01-08 23:05:00
"145",-390,"RLA496839S",1.627,2.752,-0.31785,2020-01-08 23:05:00
"146",-396,"RLA496839S",1.627,2.7598125,-0.32274,2020-01-08 23:05:00
"147",-398,"RLA496839S",1.627,2.767625,-0.32437,2020-01-08 23:05:00
"148",-396,"RLA496839S",1.627,2.7754375,-0.32274,2020-01-08 23:05:00
"149",-390,"RLA496839S",1.627,2.78325,-0.31785,2020-01-08 23:05:00
"150",-383,"RLA496839S",1.627,2.7910625,-0.312145,2020-01-08 23:05:00
"151",-379,"RLA496839S",1.627,2.798875,-0.308885,2020-01-08 23:05:00
"152",-379,"RLA496839S",1.627,2.8066875,-0.308885,2020-01-08 23:05:00
"153",-379,"RLA496839S",1.627,2.8145,-0.308885,2020-01-08 23:05:00
"154",-377,"RLA496839S",1.627,2.8223125,-0.307255,2020-01-08 23:05:00
"155",-375,"RLA496839S",1.627,2.830125,-0.305625,2020-01-08 23:05:00
"156",-374,"RLA496839S",1.627,2.8379375,-0.30481,2020-01-08 23:05:00
"157",-377,"RLA496839S",1.627,2.84575,-0.307255,2020-01-08 23:05:00
"158",-379,"RLA496839S",1.627,2.8535625,-0.308885,2020-01-08 23:05:00
"159",-376,"RLA496839S",1.627,2.861375,-0.30644,2020-01-08 23:05:00
"160",-382,"RLA496839S",1.627,2.8691875,-0.31133,2020-01-08 23:05:00
"161",-494,"RLA496839S",1.627,2.877,-0.40261,2020-01-08 23:05:00
"162",-725,"RLA496839S",1.627,2.8848125,-0.590875,2020-01-08 23:05:00
"163",-768,"RLA496839S",1.627,2.892625,-0.62592,2020-01-08 23:05:00
"164",-435,"RLA496839S",1.627,2.9004375,-0.354525,2020-01-08 23:05:00
"165",-182,"RLA496839S",1.627,2.90825,-0.14833,2020-01-08 23:05:00
"166",-281,"RLA496839S",1.627,2.9160625,-0.229015,2020-01-08 23:05:00
"167",-410,"RLA496839S",1.627,2.923875,-0.33415,2020-01-08 23:05:00
"168",-384,"RLA496839S",1.627,2.9316875,-0.31296,2020-01-08 23:05:00
"169",-385,"RLA496839S",1.627,2.9395,-0.313775,2020-01-08 23:05:00
"170",-409,"RLA496839S",1.627,2.9473125,-0.333335,2020-01-08 23:05:00
"171",-406,"RLA496839S",1.627,2.955125,-0.33089,2020-01-08 23:05:00
"172",-413,"RLA496839S",1.627,2.9629375,-0.336595,2020-01-08 23:05:00
"173",-418,"RLA496839S",1.627,2.97075,-0.34067,2020-01-08 23:05:00
"174",-408,"RLA496839S",1.627,2.9785625,-0.33252,2020-01-08 23:05:00
"175",-417,"RLA496839S",1.627,2.986375,-0.339855,2020-01-08 23:05:00
"176",-414,"RLA496839S",1.627,2.9941875,-0.33741,2020-01-08 23:05:00
"177",-420,"RLA496839S",1.627,3.002,-0.3423,2020-01-08 23:05:00
"178",-423,"RLA496839S",1.627,3.0098125,-0.344745,2020-01-08 23:05:00
"179",-422,"RLA496839S",1.627,3.017625,-0.34393,2020-01-08 23:05:00
"180",-431,"RLA496839S",1.627,3.0254375,-0.351265,2020-01-08 23:05:00
"181",-427,"RLA496839S",1.627,3.03325,-0.348005,2020-01-08 23:05:00
"182",-431,"RLA496839S",1.627,3.0410625,-0.351265,2020-01-08 23:05:00
"183",-440,"RLA496839S",1.627,3.048875,-0.3586,2020-01-08 23:05:00
"184",-443,"RLA496839S",1.627,3.0566875,-0.361045,2020-01-08 23:05:00
"185",-454,"RLA496839S",1.627,3.0645,-0.37001,2020-01-08 23:05:00
"186",-457,"RLA496839S",1.627,3.0723125,-0.372455,2020-01-08 23:05:00
"187",-450,"RLA496839S",1.627,3.080125,-0.36675,2020-01-08 23:05:00
"188",-439,"RLA496839S",1.627,3.0879375,-0.357785,2020-01-08 23:05:00
"189",-409,"RLA496839S",1.627,3.09575,-0.333335,2020-01-08 23:05:00
"190",-377,"RLA496839S",1.627,3.1035625,-0.307255,2020-01-08 23:05:00
"191",-361,"RLA496839S",1.627,3.111375,-0.294215,2020-01-08 23:05:00
"192",-359,"RLA496839S",1.627,3.1191875,-0.292585,2020-01-08 23:05:00
"193",-361,"RLA496839S",1.627,3.127,-0.294215,2020-01-08 23:05:00
"194",-358,"RLA496839S",1.627,3.1348125,-0.29177,2020-01-08 23:05:00
"195",-357,"RLA496839S",1.627,3.142625,-0.290955,2020-01-08 23:05:00
"196",-355,"RLA496839S",1.627,3.1504375,-0.289325,2020-01-08 23:05:00
"197",-357,"RLA496839S",1.627,3.15825,-0.290955,2020-01-08 23:05:00
"198",-361,"RLA496839S",1.627,3.1660625,-0.294215,2020-01-08 23:05:00
"199",-360,"RLA496839S",1.627,3.173875,-0.2934,2020-01-08 23:05:00
"200",-361,"RLA496839S",1.627,3.1816875,-0.294215,2020-01-08 23:05:00
"201",-363,"RLA496839S",1.627,3.1895,-0.295845,2020-01-08 23:05:00
"202",-361,"RLA496839S",1.627,3.1973125,-0.294215,2020-01-08 23:05:00
"203",-362,"RLA496839S",1.627,3.205125,-0.29503,2020-01-08 23:05:00
"204",-363,"RLA496839S",1.627,3.2129375,-0.295845,2020-01-08 23:05:00
"205",-362,"RLA496839S",1.627,3.22075,-0.29503,2020-01-08 23:05:00
"206",-363,"RLA496839S",1.627,3.2285625,-0.295845,2020-01-08 23:05:00
"207",-362,"RLA496839S",1.627,3.236375,-0.29503,2020-01-08 23:05:00
"208",-363,"RLA496839S",1.627,3.2441875,-0.295845,2020-01-08 23:05:00
"209",-364,"RLA496839S",1.627,3.252,-0.29666,2020-01-08 23:05:00
"210",-362,"RLA496839S",1.627,3.2598125,-0.29503,2020-01-08 23:05:00
"211",-360,"RLA496839S",1.627,3.267625,-0.2934,2020-01-08 23:05:00
"212",-360,"RLA496839S",1.627,3.2754375,-0.2934,2020-01-08 23:05:00
"213",-361,"RLA496839S",1.627,3.28325,-0.294215,2020-01-08 23:05:00
"214",-364,"RLA496839S",1.627,3.2910625,-0.29666,2020-01-08 23:05:00
"215",-365,"RLA496839S",1.627,3.298875,-0.297475,2020-01-08 23:05:00
"216",-361,"RLA496839S",1.627,3.3066875,-0.294215,2020-01-08 23:05:00
"217",-362,"RLA496839S",1.627,3.3145,-0.29503,2020-01-08 23:05:00
"218",-365,"RLA496839S",1.627,3.3223125,-0.297475,2020-01-08 23:05:00
"219",-363,"RLA496839S",1.627,3.330125,-0.295845,2020-01-08 23:05:00
"220",-363,"RLA496839S",1.627,3.3379375,-0.295845,2020-01-08 23:05:00
"221",-368,"RLA496839S",1.627,3.34575,-0.29992,2020-01-08 23:05:00
"222",-371,"RLA496839S",1.627,3.3535625,-0.302365,2020-01-08 23:05:00
"223",-371,"RLA496839S",1.627,3.361375,-0.302365,2020-01-08 23:05:00
"224",-374,"RLA496839S",1.627,3.3691875,-0.30481,2020-01-08 23:05:00
"225",-378,"RLA496839S",1.627,3.377,-0.30807,2020-01-08 23:05:00
"226",-380,"RLA496839S",1.627,3.3848125,-0.3097,2020-01-08 23:05:00
"227",-376,"RLA496839S",1.627,3.392625,-0.30644,2020-01-08 23:05:00
"228",-369,"RLA496839S",1.627,3.4004375,-0.300735,2020-01-08 23:05:00
"229",-363,"RLA496839S",1.627,3.40825,-0.295845,2020-01-08 23:05:00
"230",-360,"RLA496839S",1.627,3.4160625,-0.2934,2020-01-08 23:05:00
"231",-361,"RLA496839S",1.627,3.423875,-0.294215,2020-01-08 23:05:00
"232",-361,"RLA496839S",1.627,3.4316875,-0.294215,2020-01-08 23:05:00
"233",-360,"RLA496839S",1.627,3.4395,-0.2934,2020-01-08 23:05:00
"234",-359,"RLA496839S",1.627,3.4473125,-0.292585,2020-01-08 23:05:00
"235",-360,"RLA496839S",1.627,3.455125,-0.2934,2020-01-08 23:05:00
"236",-361,"RLA496839S",1.627,3.4629375,-0.294215,2020-01-08 23:05:00
"237",-359,"RLA496839S",1.627,3.47075,-0.292585,2020-01-08 23:05:00
"238",-350,"RLA496839S",1.627,3.4785625,-0.28525,2020-01-08 23:05:00
"239",-373,"RLA496839S",1.627,3.486375,-0.303995,2020-01-08 23:05:00
"240",-615,"RLA496839S",1.627,3.4941875,-0.501225,2020-01-08 23:05:00
"241",-790,"RLA496839S",1.627,3.502,-0.64385,2020-01-08 23:05:00
"242",-644,"RLA496839S",1.627,3.5098125,-0.52486,2020-01-08 23:05:00
"243",-307,"RLA496839S",1.627,3.517625,-0.250205,2020-01-08 23:05:00
"244",-229,"RLA496839S",1.627,3.5254375,-0.186635,2020-01-08 23:05:00
"245",-359,"RLA496839S",1.627,3.53325,-0.292585,2020-01-08 23:05:00
"246",-385,"RLA496839S",1.627,3.5410625,-0.313775,2020-01-08 23:05:00
"247",-371,"RLA496839S",1.627,3.548875,-0.302365,2020-01-08 23:05:00
"248",-394,"RLA496839S",1.627,3.5566875,-0.32111,2020-01-08 23:05:00
"249",-386,"RLA496839S",1.627,3.5645,-0.31459,2020-01-08 23:05:00
"250",-393,"RLA496839S",1.627,3.5723125,-0.320295,2020-01-08 23:05:00
"251",-404,"RLA496839S",1.627,3.580125,-0.32926,2020-01-08 23:05:00
"252",-398,"RLA496839S",1.627,3.5879375,-0.32437,2020-01-08 23:05:00
"253",-408,"RLA496839S",1.627,3.59575,-0.33252,2020-01-08 23:05:00
"254",-409,"RLA496839S",1.627,3.6035625,-0.333335,2020-01-08 23:05:00
"255",-396,"RLA496839S",1.627,3.611375,-0.32274,2020-01-08 23:05:00
"256",-420,"RLA496839S",1.627,3.6191875,-0.3423,2020-01-08 23:05:00
"257",-420,"RLA496839S",1.627,3.627,-0.3423,2020-01-08 23:05:00
"258",-416,"RLA496839S",1.627,3.6348125,-0.33904,2020-01-08 23:05:00
"259",-420,"RLA496839S",1.627,3.642625,-0.3423,2020-01-08 23:05:00
"260",-423,"RLA496839S",1.627,3.6504375,-0.344745,2020-01-08 23:05:00
"261",-431,"RLA496839S",1.627,3.65825,-0.351265,2020-01-08 23:05:00
"262",-433,"RLA496839S",1.627,3.6660625,-0.352895,2020-01-08 23:05:00
"263",-433,"RLA496839S",1.627,3.673875,-0.352895,2020-01-08 23:05:00
"264",-440,"RLA496839S",1.627,3.6816875,-0.3586,2020-01-08 23:05:00
"265",-435,"RLA496839S",1.627,3.6895,-0.354525,2020-01-08 23:05:00
"266",-411,"RLA496839S",1.627,3.6973125,-0.334965,2020-01-08 23:05:00
"267",-379,"RLA496839S",1.627,3.705125,-0.308885,2020-01-08 23:05:00
"268",-362,"RLA496839S",1.627,3.7129375,-0.29503,2020-01-08 23:05:00
"269",-360,"RLA496839S",1.627,3.72075,-0.2934,2020-01-08 23:05:00
"270",-355,"RLA496839S",1.627,3.7285625,-0.289325,2020-01-08 23:05:00
"271",-352,"RLA496839S",1.627,3.736375,-0.28688,2020-01-08 23:05:00
"272",-350,"RLA496839S",1.627,3.7441875,-0.28525,2020-01-08 23:05:00
"273",-351,"RLA496839S",1.627,3.752,-0.286065,2020-01-08 23:05:00
"274",-353,"RLA496839S",1.627,3.7598125,-0.287695,2020-01-08 23:05:00
"275",-353,"RLA496839S",1.627,3.767625,-0.287695,2020-01-08 23:05:00
"276",-351,"RLA496839S",1.627,3.7754375,-0.286065,2020-01-08 23:05:00
"277",-352,"RLA496839S",1.627,3.78325,-0.28688,2020-01-08 23:05:00
"278",-355,"RLA496839S",1.627,3.7910625,-0.289325,2020-01-08 23:05:00
"279",-355,"RLA496839S",1.627,3.798875,-0.289325,2020-01-08 23:05:00
"280",-356,"RLA496839S",1.627,3.8066875,-0.29014,2020-01-08 23:05:00
"281",-356,"RLA496839S",1.627,3.8145,-0.29014,2020-01-08 23:05:00
"282",-356,"RLA496839S",1.627,3.8223125,-0.29014,2020-01-08 23:05:00
"283",-356,"RLA496839S",1.627,3.830125,-0.29014,2020-01-08 23:05:00
"284",-360,"RLA496839S",1.627,3.8379375,-0.2934,2020-01-08 23:05:00
"285",-365,"RLA496839S",1.627,3.84575,-0.297475,2020-01-08 23:05:00
"286",-362,"RLA496839S",1.627,3.8535625,-0.29503,2020-01-08 23:05:00
"287",-358,"RLA496839S",1.627,3.861375,-0.29177,2020-01-08 23:05:00
"288",-361,"RLA496839S",1.627,3.8691875,-0.294215,2020-01-08 23:05:00
"289",-361,"RLA496839S",1.627,3.877,-0.294215,2020-01-08 23:05:00
"290",-359,"RLA496839S",1.627,3.8848125,-0.292585,2020-01-08 23:05:00
"291",-358,"RLA496839S",1.627,3.892625,-0.29177,2020-01-08 23:05:00
"292",-359,"RLA496839S",1.627,3.9004375,-0.292585,2020-01-08 23:05:00
"293",-359,"RLA496839S",1.627,3.90825,-0.292585,2020-01-08 23:05:00
"294",-360,"RLA496839S",1.627,3.9160625,-0.2934,2020-01-08 23:05:00
"295",-362,"RLA496839S",1.627,3.923875,-0.29503,2020-01-08 23:05:00
"296",-362,"RLA496839S",1.627,3.9316875,-0.29503,2020-01-08 23:05:00
"297",-365,"RLA496839S",1.627,3.9395,-0.297475,2020-01-08 23:05:00
"298",-366,"RLA496839S",1.627,3.9473125,-0.29829,2020-01-08 23:05:00
"299",-366,"RLA496839S",1.627,3.955125,-0.29829,2020-01-08 23:05:00
"300",-370,"RLA496839S",1.627,3.9629375,-0.30155,2020-01-08 23:05:00
"301",-371,"RLA496839S",1.627,3.97075,-0.302365,2020-01-08 23:05:00
"302",-371,"RLA496839S",1.627,3.9785625,-0.302365,2020-01-08 23:05:00
"303",-373,"RLA496839S",1.627,3.986375,-0.303995,2020-01-08 23:05:00
"304",-369,"RLA496839S",1.627,3.9941875,-0.300735,2020-01-08 23:05:00
"305",-365,"RLA496839S",1.627,4.002,-0.297475,2020-01-08 23:05:00
"306",-361,"RLA496839S",1.627,4.0098125,-0.294215,2020-01-08 23:05:00
"307",-359,"RLA496839S",1.627,4.017625,-0.292585,2020-01-08 23:05:00
"308",-358,"RLA496839S",1.627,4.0254375,-0.29177,2020-01-08 23:05:00
"309",-360,"RLA496839S",1.627,4.03325,-0.2934,2020-01-08 23:05:00
"310",-358,"RLA496839S",1.627,4.0410625,-0.29177,2020-01-08 23:05:00
"311",-353,"RLA496839S",1.627,4.048875,-0.287695,2020-01-08 23:05:00
"312",-355,"RLA496839S",1.627,4.0566875,-0.289325,2020-01-08 23:05:00
"313",-354,"RLA496839S",1.627,4.0645,-0.28851,2020-01-08 23:05:00
"314",-359,"RLA496839S",1.627,4.0723125,-0.292585,2020-01-08 23:05:00
"315",-458,"RLA496839S",1.627,4.080125,-0.37327,2020-01-08 23:05:00
"316",-688,"RLA496839S",1.627,4.0879375,-0.56072,2020-01-08 23:05:00
"317",-771,"RLA496839S",1.627,4.09575,-0.628365,2020-01-08 23:05:00
"318",-496,"RLA496839S",1.627,4.1035625,-0.40424,2020-01-08 23:05:00
"319",-204,"RLA496839S",1.627,4.111375,-0.16626,2020-01-08 23:05:00
"320",-265,"RLA496839S",1.627,4.1191875,-0.215975,2020-01-08 23:05:00
"321",-385,"RLA496839S",1.627,4.127,-0.313775,2020-01-08 23:05:00
"322",-389,"RLA496839S",1.627,4.1348125,-0.317035,2020-01-08 23:05:00
"323",-384,"RLA496839S",1.627,4.142625,-0.31296,2020-01-08 23:05:00
"324",-406,"RLA496839S",1.627,4.1504375,-0.33089,2020-01-08 23:05:00
"325",-400,"RLA496839S",1.627,4.15825,-0.326,2020-01-08 23:05:00
"326",-396,"RLA496839S",1.627,4.1660625,-0.32274,2020-01-08 23:05:00
"327",-408,"RLA496839S",1.627,4.173875,-0.33252,2020-01-08 23:05:00
"328",-410,"RLA496839S",1.627,4.1816875,-0.33415,2020-01-08 23:05:00
"329",-417,"RLA496839S",1.627,4.1895,-0.339855,2020-01-08 23:05:00
"330",-419,"RLA496839S",1.627,4.1973125,-0.341485,2020-01-08 23:05:00
"331",-422,"RLA496839S",1.627,4.205125,-0.34393,2020-01-08 23:05:00
"332",-420,"RLA496839S",1.627,4.2129375,-0.3423,2020-01-08 23:05:00
"333",-414,"RLA496839S",1.627,4.22075,-0.33741,2020-01-08 23:05:00
"334",-429,"RLA496839S",1.627,4.2285625,-0.349635,2020-01-08 23:05:00
"335",-434,"RLA496839S",1.627,4.236375,-0.35371,2020-01-08 23:05:00
"336",-436,"RLA496839S",1.627,4.2441875,-0.35534,2020-01-08 23:05:00
"337",-445,"RLA496839S",1.627,4.252,-0.362675,2020-01-08 23:05:00
"338",-447,"RLA496839S",1.627,4.2598125,-0.364305,2020-01-08 23:05:00
"339",-449,"RLA496839S",1.627,4.267625,-0.365935,2020-01-08 23:05:00
"340",-452,"RLA496839S",1.627,4.2754375,-0.36838,2020-01-08 23:05:00
"341",-440,"RLA496839S",1.627,4.28325,-0.3586,2020-01-08 23:05:00
"342",-411,"RLA496839S",1.627,4.2910625,-0.334965,2020-01-08 23:05:00
"343",-382,"RLA496839S",1.627,4.298875,-0.31133,2020-01-08 23:05:00
"344",-366,"RLA496839S",1.627,4.3066875,-0.29829,2020-01-08 23:05:00
"345",-362,"RLA496839S",1.627,4.3145,-0.29503,2020-01-08 23:05:00
"346",-360,"RLA496839S",1.627,4.3223125,-0.2934,2020-01-08 23:05:00
"347",-360,"RLA496839S",1.627,4.330125,-0.2934,2020-01-08 23:05:00
"348",-356,"RLA496839S",1.627,4.3379375,-0.29014,2020-01-08 23:05:00
"349",-356,"RLA496839S",1.627,4.34575,-0.29014,2020-01-08 23:05:00
"350",-358,"RLA496839S",1.627,4.3535625,-0.29177,2020-01-08 23:05:00
"351",-357,"RLA496839S",1.627,4.361375,-0.290955,2020-01-08 23:05:00
"352",-360,"RLA496839S",1.627,4.3691875,-0.2934,2020-01-08 23:05:00
"353",-361,"RLA496839S",1.627,4.377,-0.294215,2020-01-08 23:05:00
"354",-361,"RLA496839S",1.627,4.3848125,-0.294215,2020-01-08 23:05:00
"355",-362,"RLA496839S",1.627,4.392625,-0.29503,2020-01-08 23:05:00
"356",-362,"RLA496839S",1.627,4.4004375,-0.29503,2020-01-08 23:05:00
"357",-364,"RLA496839S",1.627,4.40825,-0.29666,2020-01-08 23:05:00
"358",-366,"RLA496839S",1.627,4.4160625,-0.29829,2020-01-08 23:05:00
"359",-365,"RLA496839S",1.627,4.423875,-0.297475,2020-01-08 23:05:00
"360",-365,"RLA496839S",1.627,4.4316875,-0.297475,2020-01-08 23:05:00
"361",-367,"RLA496839S",1.627,4.4395,-0.299105,2020-01-08 23:05:00
"362",-366,"RLA496839S",1.627,4.4473125,-0.29829,2020-01-08 23:05:00
"363",-365,"RLA496839S",1.627,4.455125,-0.297475,2020-01-08 23:05:00
"364",-365,"RLA496839S",1.627,4.4629375,-0.297475,2020-01-08 23:05:00
"365",-364,"RLA496839S",1.627,4.47075,-0.29666,2020-01-08 23:05:00
"366",-364,"RLA496839S",1.627,4.4785625,-0.29666,2020-01-08 23:05:00
"367",-368,"RLA496839S",1.627,4.486375,-0.29992,2020-01-08 23:05:00
"368",-365,"RLA496839S",1.627,4.4941875,-0.297475,2020-01-08 23:05:00
"369",-365,"RLA496839S",1.627,4.502,-0.297475,2020-01-08 23:05:00
"370",-367,"RLA496839S",1.627,4.5098125,-0.299105,2020-01-08 23:05:00
"371",-365,"RLA496839S",1.627,4.517625,-0.297475,2020-01-08 23:05:00
"372",-363,"RLA496839S",1.627,4.5254375,-0.295845,2020-01-08 23:05:00
"373",-365,"RLA496839S",1.627,4.53325,-0.297475,2020-01-08 23:05:00
"374",-369,"RLA496839S",1.627,4.5410625,-0.300735,2020-01-08 23:05:00
"375",-368,"RLA496839S",1.627,4.548875,-0.29992,2020-01-08 23:05:00
"376",-362,"RLA496839S",1.627,4.5566875,-0.29503,2020-01-08 23:05:00
"377",-364,"RLA496839S",1.627,4.5645,-0.29666,2020-01-08 23:05:00
"378",-368,"RLA496839S",1.627,4.5723125,-0.29992,2020-01-08 23:05:00
"379",-367,"RLA496839S",1.627,4.580125,-0.299105,2020-01-08 23:05:00
"380",-367,"RLA496839S",1.627,4.5879375,-0.299105,2020-01-08 23:05:00
"381",-370,"RLA496839S",1.627,4.59575,-0.30155,2020-01-08 23:05:00
"382",-370,"RLA496839S",1.627,4.6035625,-0.30155,2020-01-08 23:05:00
"383",-370,"RLA496839S",1.627,4.611375,-0.30155,2020-01-08 23:05:00
"384",-369,"RLA496839S",1.627,4.6191875,-0.300735,2020-01-08 23:05:00
"385",-370,"RLA496839S",1.627,4.627,-0.30155,2020-01-08 23:05:00
"386",-372,"RLA496839S",1.627,4.6348125,-0.30318,2020-01-08 23:05:00
"387",-373,"RLA496839S",1.627,4.642625,-0.303995,2020-01-08 23:05:00
"388",-373,"RLA496839S",1.627,4.6504375,-0.303995,2020-01-08 23:05:00
"389",-370,"RLA496839S",1.627,4.65825,-0.30155,2020-01-08 23:05:00
"390",-368,"RLA496839S",1.627,4.6660625,-0.29992,2020-01-08 23:05:00
"391",-370,"RLA496839S",1.627,4.673875,-0.30155,2020-01-08 23:05:00
"392",-373,"RLA496839S",1.627,4.6816875,-0.303995,2020-01-08 23:05:00
"393",-374,"RLA496839S",1.627,4.6895,-0.30481,2020-01-08 23:05:00
"394",-373,"RLA496839S",1.627,4.6973125,-0.303995,2020-01-08 23:05:00
"395",-372,"RLA496839S",1.627,4.705125,-0.30318,2020-01-08 23:05:00
"396",-370,"RLA496839S",1.627,4.7129375,-0.30155,2020-01-08 23:05:00
"397",-372,"RLA496839S",1.627,4.72075,-0.30318,2020-01-08 23:05:00
"398",-373,"RLA496839S",1.627,4.7285625,-0.303995,2020-01-08 23:05:00
"399",-372,"RLA496839S",1.627,4.736375,-0.30318,2020-01-08 23:05:00
"400",-372,"RLA496839S",1.627,4.7441875,-0.30318,2020-01-08 23:05:00
"401",-373,"RLA496839S",1.627,4.752,-0.303995,2020-01-08 23:05:00
"402",-372,"RLA496839S",1.627,4.7598125,-0.30318,2020-01-08 23:05:00
"403",-371,"RLA496839S",1.627,4.767625,-0.302365,2020-01-08 23:05:00
"404",-371,"RLA496839S",1.627,4.7754375,-0.302365,2020-01-08 23:05:00
"405",-374,"RLA496839S",1.627,4.78325,-0.30481,2020-01-08 23:05:00
"406",-375,"RLA496839S",1.627,4.7910625,-0.305625,2020-01-08 23:05:00
"407",-374,"RLA496839S",1.627,4.798875,-0.30481,2020-01-08 23:05:00
"408",-374,"RLA496839S",1.627,4.8066875,-0.30481,2020-01-08 23:05:00
"409",-376,"RLA496839S",1.627,4.8145,-0.30644,2020-01-08 23:05:00
"410",-375,"RLA496839S",1.627,4.8223125,-0.305625,2020-01-08 23:05:00
"411",-374,"RLA496839S",1.627,4.830125,-0.30481,2020-01-08 23:05:00
"412",-376,"RLA496839S",1.627,4.8379375,-0.30644,2020-01-08 23:05:00
"413",-377,"RLA496839S",1.627,4.84575,-0.307255,2020-01-08 23:05:00
"414",-377,"RLA496839S",1.627,4.8535625,-0.307255,2020-01-08 23:05:00
"415",-378,"RLA496839S",1.627,4.861375,-0.30807,2020-01-08 23:05:00
"416",-377,"RLA496839S",1.627,4.8691875,-0.307255,2020-01-08 23:05:00
"417",-375,"RLA496839S",1.627,4.877,-0.305625,2020-01-08 23:05:00
"418",-375,"RLA496839S",1.627,4.8848125,-0.305625,2020-01-08 23:05:00
"419",-376,"RLA496839S",1.627,4.892625,-0.30644,2020-01-08 23:05:00
"420",-377,"RLA496839S",1.627,4.9004375,-0.307255,2020-01-08 23:05:00
"421",-377,"RLA496839S",1.627,4.90825,-0.307255,2020-01-08 23:05:00
"422",-377,"RLA496839S",1.627,4.9160625,-0.307255,2020-01-08 23:05:00
"423",-378,"RLA496839S",1.627,4.923875,-0.30807,2020-01-08 23:05:00
"424",-378,"RLA496839S",1.627,4.9316875,-0.30807,2020-01-08 23:05:00
"425",-375,"RLA496839S",1.627,4.9395,-0.305625,2020-01-08 23:05:00
"426",-374,"RLA496839S",1.627,4.9473125,-0.30481,2020-01-08 23:05:00
"427",-377,"RLA496839S",1.627,4.955125,-0.307255,2020-01-08 23:05:00
"428",-379,"RLA496839S",1.627,4.9629375,-0.308885,2020-01-08 23:05:00
"429",-378,"RLA496839S",1.627,4.97075,-0.30807,2020-01-08 23:05:00
"430",-377,"RLA496839S",1.627,4.9785625,-0.307255,2020-01-08 23:05:00
"431",-380,"RLA496839S",1.627,4.986375,-0.3097,2020-01-08 23:05:00
"432",-379,"RLA496839S",1.627,4.9941875,-0.308885,2020-01-08 23:05:00
"433",-377,"RLA496839S",1.627,5.002,-0.307255,2020-01-08 23:05:00
"434",-378,"RLA496839S",1.627,5.0098125,-0.30807,2020-01-08 23:05:00
"435",-379,"RLA496839S",1.627,5.017625,-0.308885,2020-01-08 23:05:00
"436",-378,"RLA496839S",1.627,5.0254375,-0.30807,2020-01-08 23:05:00
"437",-377,"RLA496839S",1.627,5.03325,-0.307255,2020-01-08 23:05:00
"438",-378,"RLA496839S",1.627,5.0410625,-0.30807,2020-01-08 23:05:00
"439",-379,"RLA496839S",1.627,5.048875,-0.308885,2020-01-08 23:05:00
"440",-379,"RLA496839S",1.627,5.0566875,-0.308885,2020-01-08 23:05:00
"441",-379,"RLA496839S",1.627,5.0645,-0.308885,2020-01-08 23:05:00
"442",-380,"RLA496839S",1.627,5.0723125,-0.3097,2020-01-08 23:05:00
"443",-381,"RLA496839S",1.627,5.080125,-0.310515,2020-01-08 23:05:00
"444",-380,"RLA496839S",1.627,5.0879375,-0.3097,2020-01-08 23:05:00
"445",-379,"RLA496839S",1.627,5.09575,-0.308885,2020-01-08 23:05:00
"446",-379,"RLA496839S",1.627,5.1035625,-0.308885,2020-01-08 23:05:00
"447",-378,"RLA496839S",1.627,5.111375,-0.30807,2020-01-08 23:05:00
"448",-381,"RLA496839S",1.627,5.1191875,-0.310515,2020-01-08 23:05:00
"449",-383,"RLA496839S",1.627,5.127,-0.312145,2020-01-08 23:05:00
"450",-380,"RLA496839S",1.627,5.1348125,-0.3097,2020-01-08 23:05:00
"451",-377,"RLA496839S",1.627,5.142625,-0.307255,2020-01-08 23:05:00
"452",-378,"RLA496839S",1.627,5.1504375,-0.30807,2020-01-08 23:05:00
"453",-380,"RLA496839S",1.627,5.15825,-0.3097,2020-01-08 23:05:00
"454",-381,"RLA496839S",1.627,5.1660625,-0.310515,2020-01-08 23:05:00
"455",-382,"RLA496839S",1.627,5.173875,-0.31133,2020-01-08 23:05:00
"456",-380,"RLA496839S",1.627,5.1816875,-0.3097,2020-01-08 23:05:00
"457",-379,"RLA496839S",1.627,5.1895,-0.308885,2020-01-08 23:05:00
"458",-379,"RLA496839S",1.627,5.1973125,-0.308885,2020-01-08 23:05:00
"459",-380,"RLA496839S",1.627,5.205125,-0.3097,2020-01-08 23:05:00
"460",-381,"RLA496839S",1.627,5.2129375,-0.310515,2020-01-08 23:05:00
"461",-382,"RLA496839S",1.627,5.22075,-0.31133,2020-01-08 23:05:00
"462",-384,"RLA496839S",1.627,5.2285625,-0.31296,2020-01-08 23:05:00
"463",-381,"RLA496839S",1.627,5.236375,-0.310515,2020-01-08 23:05:00
"464",-378,"RLA496839S",1.627,5.2441875,-0.30807,2020-01-08 23:05:00
"465",-379,"RLA496839S",1.627,5.252,-0.308885,2020-01-08 23:05:00
"466",-380,"RLA496839S",1.627,5.2598125,-0.3097,2020-01-08 23:05:00
"467",-381,"RLA496839S",1.627,5.267625,-0.310515,2020-01-08 23:05:00
"468",-380,"RLA496839S",1.627,5.2754375,-0.3097,2020-01-08 23:05:00
"469",-379,"RLA496839S",1.627,5.28325,-0.308885,2020-01-08 23:05:00
"470",-380,"RLA496839S",1.627,5.2910625,-0.3097,2020-01-08 23:05:00
"471",-382,"RLA496839S",1.627,5.298875,-0.31133,2020-01-08 23:05:00
"472",-382,"RLA496839S",1.627,5.3066875,-0.31133,2020-01-08 23:05:00
"473",-383,"RLA496839S",1.627,5.3145,-0.312145,2020-01-08 23:05:00
"474",-382,"RLA496839S",1.627,5.3223125,-0.31133,2020-01-08 23:05:00
"475",-380,"RLA496839S",1.627,5.330125,-0.3097,2020-01-08 23:05:00
"476",-382,"RLA496839S",1.627,5.3379375,-0.31133,2020-01-08 23:05:00
"477",-385,"RLA496839S",1.627,5.34575,-0.313775,2020-01-08 23:05:00
"478",-386,"RLA496839S",1.627,5.3535625,-0.31459,2020-01-08 23:05:00
"479",-388,"RLA496839S",1.627,5.361375,-0.31622,2020-01-08 23:05:00
"480",-392,"RLA496839S",1.627,5.3691875,-0.31948,2020-01-08 23:05:00
"481",-393,"RLA496839S",1.627,5.377,-0.320295,2020-01-08 23:05:00
"482",-392,"RLA496839S",1.627,5.3848125,-0.31948,2020-01-08 23:05:00
"483",-391,"RLA496839S",1.627,5.392625,-0.318665,2020-01-08 23:05:00
"484",-388,"RLA496839S",1.627,5.4004375,-0.31622,2020-01-08 23:05:00
"485",-383,"RLA496839S",1.627,5.40825,-0.312145,2020-01-08 23:05:00
"486",-379,"RLA496839S",1.627,5.4160625,-0.308885,2020-01-08 23:05:00
"487",-378,"RLA496839S",1.627,5.423875,-0.30807,2020-01-08 23:05:00
"488",-376,"RLA496839S",1.627,5.4316875,-0.30644,2020-01-08 23:05:00
"489",-376,"RLA496839S",1.627,5.4395,-0.30644,2020-01-08 23:05:00
"490",-375,"RLA496839S",1.627,5.4473125,-0.305625,2020-01-08 23:05:00
"491",-373,"RLA496839S",1.627,5.455125,-0.303995,2020-01-08 23:05:00
"492",-373,"RLA496839S",1.627,5.4629375,-0.303995,2020-01-08 23:05:00
"493",-375,"RLA496839S",1.627,5.47075,-0.305625,2020-01-08 23:05:00
"494",-376,"RLA496839S",1.627,5.4785625,-0.30644,2020-01-08 23:05:00
"495",-371,"RLA496839S",1.627,5.486375,-0.302365,2020-01-08 23:05:00
"496",-441,"RLA496839S",1.627,5.4941875,-0.359415,2020-01-08 23:05:00
"497",-646,"RLA496839S",1.627,5.502,-0.52649,2020-01-08 23:05:00
"498",-777,"RLA496839S",1.627,5.5098125,-0.633255,2020-01-08 23:05:00
"499",-576,"RLA496839S",1.627,5.517625,-0.46944,2020-01-08 23:05:00
"500",-274,"RLA496839S",1.627,5.5254375,-0.22331,2020-01-08 23:05:00
"501",-254,"RLA496839S",1.627,5.53325,-0.20701,2020-01-08 23:05:00
"502",-382,"RLA496839S",1.627,5.5410625,-0.31133,2020-01-08 23:05:00
"503",-389,"RLA496839S",1.627,5.548875,-0.317035,2020-01-08 23:05:00
"504",-378,"RLA496839S",1.627,5.5566875,-0.30807,2020-01-08 23:05:00
"505",-409,"RLA496839S",1.627,5.5645,-0.333335,2020-01-08 23:05:00
"506",-409,"RLA496839S",1.627,5.5723125,-0.333335,2020-01-08 23:05:00
"507",-400,"RLA496839S",1.627,5.580125,-0.326,2020-01-08 23:05:00
"508",-404,"RLA496839S",1.627,5.5879375,-0.32926,2020-01-08 23:05:00
"509",-407,"RLA496839S",1.627,5.59575,-0.331705,2020-01-08 23:05:00
"510",-416,"RLA496839S",1.627,5.6035625,-0.33904,2020-01-08 23:05:00
"511",-410,"RLA496839S",1.627,5.611375,-0.33415,2020-01-08 23:05:00
"512",-398,"RLA496839S",1.627,5.6191875,-0.32437,2020-01-08 23:05:00
"513",-418,"RLA496839S",1.627,5.627,-0.34067,2020-01-08 23:05:00
"514",-421,"RLA496839S",1.627,5.6348125,-0.343115,2020-01-08 23:05:00
"515",-421,"RLA496839S",1.627,5.642625,-0.343115,2020-01-08 23:05:00
"516",-427,"RLA496839S",1.627,5.6504375,-0.348005,2020-01-08 23:05:00
"517",-430,"RLA496839S",1.627,5.65825,-0.35045,2020-01-08 23:05:00
"518",-436,"RLA496839S",1.627,5.6660625,-0.35534,2020-01-08 23:05:00
"519",-442,"RLA496839S",1.627,5.673875,-0.36023,2020-01-08 23:05:00
"520",-453,"RLA496839S",1.627,5.6816875,-0.369195,2020-01-08 23:05:00
"521",-457,"RLA496839S",1.627,5.6895,-0.372455,2020-01-08 23:05:00
"522",-455,"RLA496839S",1.627,5.6973125,-0.370825,2020-01-08 23:05:00
"523",-447,"RLA496839S",1.627,5.705125,-0.364305,2020-01-08 23:05:00
"524",-421,"RLA496839S",1.627,5.7129375,-0.343115,2020-01-08 23:05:00
"525",-391,"RLA496839S",1.627,5.72075,-0.318665,2020-01-08 23:05:00
"526",-372,"RLA496839S",1.627,5.7285625,-0.30318,2020-01-08 23:05:00
"527",-362,"RLA496839S",1.627,5.736375,-0.29503,2020-01-08 23:05:00
"528",-362,"RLA496839S",1.627,5.7441875,-0.29503,2020-01-08 23:05:00
"529",-360,"RLA496839S",1.627,5.752,-0.2934,2020-01-08 23:05:00
"530",-361,"RLA496839S",1.627,5.7598125,-0.294215,2020-01-08 23:05:00
"531",-362,"RLA496839S",1.627,5.767625,-0.29503,2020-01-08 23:05:00
"532",-360,"RLA496839S",1.627,5.7754375,-0.2934,2020-01-08 23:05:00
"533",-361,"RLA496839S",1.627,5.78325,-0.294215,2020-01-08 23:05:00
"534",-361,"RLA496839S",1.627,5.7910625,-0.294215,2020-01-08 23:05:00
"535",-360,"RLA496839S",1.627,5.798875,-0.2934,2020-01-08 23:05:00
"536",-362,"RLA496839S",1.627,5.8066875,-0.29503,2020-01-08 23:05:00
"537",-364,"RLA496839S",1.627,5.8145,-0.29666,2020-01-08 23:05:00
"538",-366,"RLA496839S",1.627,5.8223125,-0.29829,2020-01-08 23:05:00
"539",-365,"RLA496839S",1.627,5.830125,-0.297475,2020-01-08 23:05:00
"540",-365,"RLA496839S",1.627,5.8379375,-0.297475,2020-01-08 23:05:00
"541",-369,"RLA496839S",1.627,5.84575,-0.300735,2020-01-08 23:05:00
"542",-367,"RLA496839S",1.627,5.8535625,-0.299105,2020-01-08 23:05:00
"543",-365,"RLA496839S",1.627,5.861375,-0.297475,2020-01-08 23:05:00
"544",-368,"RLA496839S",1.627,5.8691875,-0.29992,2020-01-08 23:05:00
"545",-366,"RLA496839S",1.627,5.877,-0.29829,2020-01-08 23:05:00
"546",-363,"RLA496839S",1.627,5.8848125,-0.295845,2020-01-08 23:05:00
"547",-363,"RLA496839S",1.627,5.892625,-0.295845,2020-01-08 23:05:00
"548",-364,"RLA496839S",1.627,5.9004375,-0.29666,2020-01-08 23:05:00
"549",-366,"RLA496839S",1.627,5.90825,-0.29829,2020-01-08 23:05:00
"550",-367,"RLA496839S",1.627,5.9160625,-0.299105,2020-01-08 23:05:00
"551",-366,"RLA496839S",1.627,5.923875,-0.29829,2020-01-08 23:05:00
"552",-364,"RLA496839S",1.627,5.9316875,-0.29666,2020-01-08 23:05:00
"553",-363,"RLA496839S",1.627,5.9395,-0.295845,2020-01-08 23:05:00
"554",-364,"RLA496839S",1.627,5.9473125,-0.29666,2020-01-08 23:05:00
"555",-367,"RLA496839S",1.627,5.955125,-0.299105,2020-01-08 23:05:00
"556",-369,"RLA496839S",1.627,5.9629375,-0.300735,2020-01-08 23:05:00
"557",-369,"RLA496839S",1.627,5.97075,-0.300735,2020-01-08 23:05:00
"558",-369,"RLA496839S",1.627,5.9785625,-0.300735,2020-01-08 23:05:00
"559",-370,"RLA496839S",1.627,5.986375,-0.30155,2020-01-08 23:05:00
"560",-371,"RLA496839S",1.627,5.9941875,-0.302365,2020-01-08 23:05:00
"561",-370,"RLA496839S",1.627,6.002,-0.30155,2020-01-08 23:05:00
"562",-370,"RLA496839S",1.627,6.0098125,-0.30155,2020-01-08 23:05:00
"563",-372,"RLA496839S",1.627,6.017625,-0.30318,2020-01-08 23:05:00
"564",-373,"RLA496839S",1.627,6.0254375,-0.303995,2020-01-08 23:05:00
"565",-372,"RLA496839S",1.627,6.03325,-0.30318,2020-01-08 23:05:00
"566",-371,"RLA496839S",1.627,6.0410625,-0.302365,2020-01-08 23:05:00
"567",-372,"RLA496839S",1.627,6.048875,-0.30318,2020-01-08 23:05:00
"568",-372,"RLA496839S",1.627,6.0566875,-0.30318,2020-01-08 23:05:00
"569",-370,"RLA496839S",1.627,6.0645,-0.30155,2020-01-08 23:05:00
"570",-371,"RLA496839S",1.627,6.0723125,-0.302365,2020-01-08 23:05:00
"571",-372,"RLA496839S",1.627,6.080125,-0.30318,2020-01-08 23:05:00
"572",-370,"RLA496839S",1.627,6.0879375,-0.30155,2020-01-08 23:05:00
"573",-370,"RLA496839S",1.627,6.09575,-0.30155,2020-01-08 23:05:00
"574",-372,"RLA496839S",1.627,6.1035625,-0.30318,2020-01-08 23:05:00
"575",-373,"RLA496839S",1.627,6.111375,-0.303995,2020-01-08 23:05:00
"576",-374,"RLA496839S",1.627,6.1191875,-0.30481,2020-01-08 23:05:00
"577",-374,"RLA496839S",1.627,6.127,-0.30481,2020-01-08 23:05:00
"578",-373,"RLA496839S",1.627,6.1348125,-0.303995,2020-01-08 23:05:00
"579",-371,"RLA496839S",1.627,6.142625,-0.302365,2020-01-08 23:05:00
"580",-372,"RLA496839S",1.627,6.1504375,-0.30318,2020-01-08 23:05:00
"581",-377,"RLA496839S",1.627,6.15825,-0.307255,2020-01-08 23:05:00
"582",-378,"RLA496839S",1.627,6.1660625,-0.30807,2020-01-08 23:05:00
"583",-375,"RLA496839S",1.627,6.173875,-0.305625,2020-01-08 23:05:00
"584",-376,"RLA496839S",1.627,6.1816875,-0.30644,2020-01-08 23:05:00
"585",-376,"RLA496839S",1.627,6.1895,-0.30644,2020-01-08 23:05:00
"586",-376,"RLA496839S",1.627,6.1973125,-0.30644,2020-01-08 23:05:00
"587",-376,"RLA496839S",1.627,6.205125,-0.30644,2020-01-08 23:05:00
"588",-376,"RLA496839S",1.627,6.2129375,-0.30644,2020-01-08 23:05:00
"589",-378,"RLA496839S",1.627,6.22075,-0.30807,2020-01-08 23:05:00
"590",-377,"RLA496839S",1.627,6.2285625,-0.307255,2020-01-08 23:05:00
"591",-375,"RLA496839S",1.627,6.236375,-0.305625,2020-01-08 23:05:00
"592",-378,"RLA496839S",1.627,6.2441875,-0.30807,2020-01-08 23:05:00
"593",-379,"RLA496839S",1.627,6.252,-0.308885,2020-01-08 23:05:00
"594",-379,"RLA496839S",1.627,6.2598125,-0.308885,2020-01-08 23:05:00
"595",-378,"RLA496839S",1.627,6.267625,-0.30807,2020-01-08 23:05:00
"596",-378,"RLA496839S",1.627,6.2754375,-0.30807,2020-01-08 23:05:00
"597",-378,"RLA496839S",1.627,6.28325,-0.30807,2020-01-08 23:05:00
"598",-378,"RLA496839S",1.627,6.2910625,-0.30807,2020-01-08 23:05:00
"599",-381,"RLA496839S",1.627,6.298875,-0.310515,2020-01-08 23:05:00
"600",-383,"RLA496839S",1.627,6.3066875,-0.312145,2020-01-08 23:05:00
"601",-382,"RLA496839S",1.627,6.3145,-0.31133,2020-01-08 23:05:00
"602",-380,"RLA496839S",1.627,6.3223125,-0.3097,2020-01-08 23:05:00
"603",-381,"RLA496839S",1.627,6.330125,-0.310515,2020-01-08 23:05:00
"604",-383,"RLA496839S",1.627,6.3379375,-0.312145,2020-01-08 23:05:00
"605",-383,"RLA496839S",1.627,6.34575,-0.312145,2020-01-08 23:05:00
"606",-380,"RLA496839S",1.627,6.3535625,-0.3097,2020-01-08 23:05:00
"607",-379,"RLA496839S",1.627,6.361375,-0.308885,2020-01-08 23:05:00
"608",-379,"RLA496839S",1.627,6.3691875,-0.308885,2020-01-08 23:05:00
"609",-380,"RLA496839S",1.627,6.377,-0.3097,2020-01-08 23:05:00
"610",-379,"RLA496839S",1.627,6.3848125,-0.308885,2020-01-08 23:05:00
"611",-380,"RLA496839S",1.627,6.392625,-0.3097,2020-01-08 23:05:00
"612",-382,"RLA496839S",1.627,6.4004375,-0.31133,2020-01-08 23:05:00
"613",-380,"RLA496839S",1.627,6.40825,-0.3097,2020-01-08 23:05:00
"614",-382,"RLA496839S",1.627,6.4160625,-0.31133,2020-01-08 23:05:00
"615",-385,"RLA496839S",1.627,6.423875,-0.313775,2020-01-08 23:05:00
"616",-382,"RLA496839S",1.627,6.4316875,-0.31133,2020-01-08 23:05:00
"617",-380,"RLA496839S",1.627,6.4395,-0.3097,2020-01-08 23:05:00
"618",-381,"RLA496839S",1.627,6.4473125,-0.310515,2020-01-08 23:05:00
"619",-383,"RLA496839S",1.627,6.455125,-0.312145,2020-01-08 23:05:00
"620",-383,"RLA496839S",1.627,6.4629375,-0.312145,2020-01-08 23:05:00
"621",-383,"RLA496839S",1.627,6.47075,-0.312145,2020-01-08 23:05:00
"622",-384,"RLA496839S",1.627,6.4785625,-0.31296,2020-01-08 23:05:00
"623",-383,"RLA496839S",1.627,6.486375,-0.312145,2020-01-08 23:05:00
"624",-380,"RLA496839S",1.627,6.4941875,-0.3097,2020-01-08 23:05:00
"625",-382,"RLA496839S",1.627,6.502,-0.31133,2020-01-08 23:05:00
"626",-386,"RLA496839S",1.627,6.5098125,-0.31459,2020-01-08 23:05:00
"627",-384,"RLA496839S",1.627,6.517625,-0.31296,2020-01-08 23:05:00
"628",-382,"RLA496839S",1.627,6.5254375,-0.31133,2020-01-08 23:05:00
"629",-385,"RLA496839S",1.627,6.53325,-0.313775,2020-01-08 23:05:00
"630",-384,"RLA496839S",1.627,6.5410625,-0.31296,2020-01-08 23:05:00
"631",-379,"RLA496839S",1.627,6.548875,-0.308885,2020-01-08 23:05:00
"632",-381,"RLA496839S",1.627,6.5566875,-0.310515,2020-01-08 23:05:00
"633",-382,"RLA496839S",1.627,6.5645,-0.31133,2020-01-08 23:05:00
"634",-382,"RLA496839S",1.627,6.5723125,-0.31133,2020-01-08 23:05:00
"635",-384,"RLA496839S",1.627,6.580125,-0.31296,2020-01-08 23:05:00
"636",-385,"RLA496839S",1.627,6.5879375,-0.313775,2020-01-08 23:05:00
"637",-382,"RLA496839S",1.627,6.59575,-0.31133,2020-01-08 23:05:00
"638",-380,"RLA496839S",1.627,6.6035625,-0.3097,2020-01-08 23:05:00
"639",-382,"RLA496839S",1.627,6.611375,-0.31133,2020-01-08 23:05:00
"640",-383,"RLA496839S",1.627,6.6191875,-0.312145,2020-01-08 23:05:00
"641",-385,"RLA496839S",1.627,6.627,-0.313775,2020-01-08 23:05:00
"642",-384,"RLA496839S",1.627,6.6348125,-0.31296,2020-01-08 23:05:00
"643",-382,"RLA496839S",1.627,6.642625,-0.31133,2020-01-08 23:05:00
"644",-384,"RLA496839S",1.627,6.6504375,-0.31296,2020-01-08 23:05:00
"645",-386,"RLA496839S",1.627,6.65825,-0.31459,2020-01-08 23:05:00
"646",-384,"RLA496839S",1.627,6.6660625,-0.31296,2020-01-08 23:05:00
"647",-383,"RLA496839S",1.627,6.673875,-0.312145,2020-01-08 23:05:00
"648",-386,"RLA496839S",1.627,6.6816875,-0.31459,2020-01-08 23:05:00
"649",-384,"RLA496839S",1.627,6.6895,-0.31296,2020-01-08 23:05:00
"650",-384,"RLA496839S",1.627,6.6973125,-0.31296,2020-01-08 23:05:00
"651",-385,"RLA496839S",1.627,6.705125,-0.313775,2020-01-08 23:05:00
"652",-384,"RLA496839S",1.627,6.7129375,-0.31296,2020-01-08 23:05:00
"653",-382,"RLA496839S",1.627,6.72075,-0.31133,2020-01-08 23:05:00
"654",-382,"RLA496839S",1.627,6.7285625,-0.31133,2020-01-08 23:05:00
"655",-382,"RLA496839S",1.627,6.736375,-0.31133,2020-01-08 23:05:00
"656",-384,"RLA496839S",1.627,6.7441875,-0.31296,2020-01-08 23:05:00
"657",-386,"RLA496839S",1.627,6.752,-0.31459,2020-01-08 23:05:00
"658",-387,"RLA496839S",1.627,6.7598125,-0.315405,2020-01-08 23:05:00
"659",-386,"RLA496839S",1.627,6.767625,-0.31459,2020-01-08 23:05:00
"660",-393,"RLA496839S",1.627,6.7754375,-0.320295,2020-01-08 23:05:00
"661",-399,"RLA496839S",1.627,6.78325,-0.325185,2020-01-08 23:05:00
"662",-396,"RLA496839S",1.627,6.7910625,-0.32274,2020-01-08 23:05:00
"663",-389,"RLA496839S",1.627,6.798875,-0.317035,2020-01-08 23:05:00
"664",-387,"RLA496839S",1.627,6.8066875,-0.315405,2020-01-08 23:05:00
"665",-384,"RLA496839S",1.627,6.8145,-0.31296,2020-01-08 23:05:00
"666",-381,"RLA496839S",1.627,6.8223125,-0.310515,2020-01-08 23:05:00
"667",-380,"RLA496839S",1.627,6.830125,-0.3097,2020-01-08 23:05:00
"668",-378,"RLA496839S",1.627,6.8379375,-0.30807,2020-01-08 23:05:00
"669",-377,"RLA496839S",1.627,6.84575,-0.307255,2020-01-08 23:05:00
"670",-376,"RLA496839S",1.627,6.8535625,-0.30644,2020-01-08 23:05:00
"671",-375,"RLA496839S",1.627,6.861375,-0.305625,2020-01-08 23:05:00
"672",-379,"RLA496839S",1.627,6.8691875,-0.308885,2020-01-08 23:05:00
"673",-375,"RLA496839S",1.627,6.877,-0.305625,2020-01-08 23:05:00
"674",-384,"RLA496839S",1.627,6.8848125,-0.31296,2020-01-08 23:05:00
"675",-509,"RLA496839S",1.627,6.892625,-0.414835,2020-01-08 23:05:00
"676",-747,"RLA496839S",1.627,6.9004375,-0.608805,2020-01-08 23:05:00
"677",-762,"RLA496839S",1.627,6.90825,-0.62103,2020-01-08 23:05:00
"678",-399,"RLA496839S",1.627,6.9160625,-0.325185,2020-01-08 23:05:00
"679",-161,"RLA496839S",1.627,6.923875,-0.131215,2020-01-08 23:05:00
"680",-326,"RLA496839S",1.627,6.9316875,-0.26569,2020-01-08 23:05:00
"681",-412,"RLA496839S",1.627,6.9395,-0.33578,2020-01-08 23:05:00
"682",-389,"RLA496839S",1.627,6.9473125,-0.317035,2020-01-08 23:05:00
"683",-382,"RLA496839S",1.627,6.955125,-0.31133,2020-01-08 23:05:00
"684",-393,"RLA496839S",1.627,6.9629375,-0.320295,2020-01-08 23:05:00
"685",-389,"RLA496839S",1.627,6.97075,-0.317035,2020-01-08 23:05:00
"686",-405,"RLA496839S",1.627,6.9785625,-0.330075,2020-01-08 23:05:00
"687",-417,"RLA496839S",1.627,6.986375,-0.339855,2020-01-08 23:05:00
"688",-405,"RLA496839S",1.627,6.9941875,-0.330075,2020-01-08 23:05:00
"689",-414,"RLA496839S",1.627,7.002,-0.33741,2020-01-08 23:05:00
"690",-415,"RLA496839S",1.627,7.0098125,-0.338225,2020-01-08 23:05:00
"691",-418,"RLA496839S",1.627,7.017625,-0.34067,2020-01-08 23:05:00
"692",-419,"RLA496839S",1.627,7.0254375,-0.341485,2020-01-08 23:05:00
"693",-422,"RLA496839S",1.627,7.03325,-0.34393,2020-01-08 23:05:00
"694",-431,"RLA496839S",1.627,7.0410625,-0.351265,2020-01-08 23:05:00
"695",-424,"RLA496839S",1.627,7.048875,-0.34556,2020-01-08 23:05:00
"696",-427,"RLA496839S",1.627,7.0566875,-0.348005,2020-01-08 23:05:00
"697",-434,"RLA496839S",1.627,7.0645,-0.35371,2020-01-08 23:05:00
"698",-440,"RLA496839S",1.627,7.0723125,-0.3586,2020-01-08 23:05:00
"699",-450,"RLA496839S",1.627,7.080125,-0.36675,2020-01-08 23:05:00
"700",-453,"RLA496839S",1.627,7.0879375,-0.369195,2020-01-08 23:05:00
"701",-449,"RLA496839S",1.627,7.09575,-0.365935,2020-01-08 23:05:00
"702",-436,"RLA496839S",1.627,7.1035625,-0.35534,2020-01-08 23:05:00
"703",-406,"RLA496839S",1.627,7.111375,-0.33089,2020-01-08 23:05:00
"704",-377,"RLA496839S",1.627,7.1191875,-0.307255,2020-01-08 23:05:00
"705",-367,"RLA496839S",1.627,7.127,-0.299105,2020-01-08 23:05:00
"706",-360,"RLA496839S",1.627,7.1348125,-0.2934,2020-01-08 23:05:00
"707",-358,"RLA496839S",1.627,7.142625,-0.29177,2020-01-08 23:05:00
"708",-358,"RLA496839S",1.627,7.1504375,-0.29177,2020-01-08 23:05:00
"709",-361,"RLA496839S",1.627,7.15825,-0.294215,2020-01-08 23:05:00
"710",-362,"RLA496839S",1.627,7.1660625,-0.29503,2020-01-08 23:05:00
"711",-357,"RLA496839S",1.627,7.173875,-0.290955,2020-01-08 23:05:00
"712",-357,"RLA496839S",1.627,7.1816875,-0.290955,2020-01-08 23:05:00
"713",-363,"RLA496839S",1.627,7.1895,-0.295845,2020-01-08 23:05:00
"714",-364,"RLA496839S",1.627,7.1973125,-0.29666,2020-01-08 23:05:00
"715",-365,"RLA496839S",1.627,7.205125,-0.297475,2020-01-08 23:05:00
"716",-364,"RLA496839S",1.627,7.2129375,-0.29666,2020-01-08 23:05:00
"717",-363,"RLA496839S",1.627,7.22075,-0.295845,2020-01-08 23:05:00
"718",-363,"RLA496839S",1.627,7.2285625,-0.295845,2020-01-08 23:05:00
"719",-361,"RLA496839S",1.627,7.236375,-0.294215,2020-01-08 23:05:00
"720",-362,"RLA496839S",1.627,7.2441875,-0.29503,2020-01-08 23:05:00
"721",-364,"RLA496839S",1.627,7.252,-0.29666,2020-01-08 23:05:00
"722",-363,"RLA496839S",1.627,7.2598125,-0.295845,2020-01-08 23:05:00
"723",-362,"RLA496839S",1.627,7.267625,-0.29503,2020-01-08 23:05:00
"724",-365,"RLA496839S",1.627,7.2754375,-0.297475,2020-01-08 23:05:00
"725",-366,"RLA496839S",1.627,7.28325,-0.29829,2020-01-08 23:05:00
"726",-363,"RLA496839S",1.627,7.2910625,-0.295845,2020-01-08 23:05:00
"727",-362,"RLA496839S",1.627,7.298875,-0.29503,2020-01-08 23:05:00
"728",-364,"RLA496839S",1.627,7.3066875,-0.29666,2020-01-08 23:05:00
"729",-363,"RLA496839S",1.627,7.3145,-0.295845,2020-01-08 23:05:00
"730",-363,"RLA496839S",1.627,7.3223125,-0.295845,2020-01-08 23:05:00
"731",-365,"RLA496839S",1.627,7.330125,-0.297475,2020-01-08 23:05:00
"732",-366,"RLA496839S",1.627,7.3379375,-0.29829,2020-01-08 23:05:00
"733",-364,"RLA496839S",1.627,7.34575,-0.29666,2020-01-08 23:05:00
"734",-364,"RLA496839S",1.627,7.3535625,-0.29666,2020-01-08 23:05:00
"735",-367,"RLA496839S",1.627,7.361375,-0.299105,2020-01-08 23:05:00
"736",-370,"RLA496839S",1.627,7.3691875,-0.30155,2020-01-08 23:05:00
"737",-372,"RLA496839S",1.627,7.377,-0.30318,2020-01-08 23:05:00
"738",-374,"RLA496839S",1.627,7.3848125,-0.30481,2020-01-08 23:05:00
"739",-375,"RLA496839S",1.627,7.392625,-0.305625,2020-01-08 23:05:00
"740",-377,"RLA496839S",1.627,7.4004375,-0.307255,2020-01-08 23:05:00
"741",-377,"RLA496839S",1.627,7.40825,-0.307255,2020-01-08 23:05:00
"742",-374,"RLA496839S",1.627,7.4160625,-0.30481,2020-01-08 23:05:00
"743",-368,"RLA496839S",1.627,7.423875,-0.29992,2020-01-08 23:05:00
"744",-363,"RLA496839S",1.627,7.4316875,-0.295845,2020-01-08 23:05:00
"745",-362,"RLA496839S",1.627,7.4395,-0.29503,2020-01-08 23:05:00
"746",-359,"RLA496839S",1.627,7.4473125,-0.292585,2020-01-08 23:05:00
"747",-359,"RLA496839S",1.627,7.455125,-0.292585,2020-01-08 23:05:00
"748",-360,"RLA496839S",1.627,7.4629375,-0.2934,2020-01-08 23:05:00
"749",-360,"RLA496839S",1.627,7.47075,-0.2934,2020-01-08 23:05:00
"750",-358,"RLA496839S",1.627,7.4785625,-0.29177,2020-01-08 23:05:00
"751",-358,"RLA496839S",1.627,7.486375,-0.29177,2020-01-08 23:05:00
"752",-362,"RLA496839S",1.627,7.4941875,-0.29503,2020-01-08 23:05:00
"753",-348,"RLA496839S",1.627,7.502,-0.28362,2020-01-08 23:05:00
"754",-393,"RLA496839S",1.627,7.5098125,-0.320295,2020-01-08 23:05:00
"755",-616,"RLA496839S",1.627,7.517625,-0.50204,2020-01-08 23:05:00
"756",-793,"RLA496839S",1.627,7.5254375,-0.646295,2020-01-08 23:05:00
"757",-617,"RLA496839S",1.627,7.53325,-0.502855,2020-01-08 23:05:00
"758",-289,"RLA496839S",1.627,7.5410625,-0.235535,2020-01-08 23:05:00
"759",-229,"RLA496839S",1.627,7.548875,-0.186635,2020-01-08 23:05:00
"760",-388,"RLA496839S",1.627,7.5566875,-0.31622,2020-01-08 23:05:00
"761",-381,"RLA496839S",1.627,7.5645,-0.310515,2020-01-08 23:05:00
"762",-367,"RLA496839S",1.627,7.5723125,-0.299105,2020-01-08 23:05:00
"763",-395,"RLA496839S",1.627,7.580125,-0.321925,2020-01-08 23:05:00
"764",-400,"RLA496839S",1.627,7.5879375,-0.326,2020-01-08 23:05:00
"765",-391,"RLA496839S",1.627,7.59575,-0.318665,2020-01-08 23:05:00
"766",-393,"RLA496839S",1.627,7.6035625,-0.320295,2020-01-08 23:05:00
"767",-393,"RLA496839S",1.627,7.611375,-0.320295,2020-01-08 23:05:00
"768",-407,"RLA496839S",1.627,7.6191875,-0.331705,2020-01-08 23:05:00
"769",-401,"RLA496839S",1.627,7.627,-0.326815,2020-01-08 23:05:00
"770",-392,"RLA496839S",1.627,7.6348125,-0.31948,2020-01-08 23:05:00
"771",-410,"RLA496839S",1.627,7.642625,-0.33415,2020-01-08 23:05:00
"772",-414,"RLA496839S",1.627,7.6504375,-0.33741,2020-01-08 23:05:00
"773",-413,"RLA496839S",1.627,7.65825,-0.336595,2020-01-08 23:05:00
"774",-417,"RLA496839S",1.627,7.6660625,-0.339855,2020-01-08 23:05:00
"775",-420,"RLA496839S",1.627,7.673875,-0.3423,2020-01-08 23:05:00
"776",-426,"RLA496839S",1.627,7.6816875,-0.34719,2020-01-08 23:05:00
"777",-425,"RLA496839S",1.627,7.6895,-0.346375,2020-01-08 23:05:00
"778",-429,"RLA496839S",1.627,7.6973125,-0.349635,2020-01-08 23:05:00
"779",-433,"RLA496839S",1.627,7.705125,-0.352895,2020-01-08 23:05:00
"780",-426,"RLA496839S",1.627,7.7129375,-0.34719,2020-01-08 23:05:00
"781",-407,"RLA496839S",1.627,7.72075,-0.331705,2020-01-08 23:05:00
"782",-376,"RLA496839S",1.627,7.7285625,-0.30644,2020-01-08 23:05:00
"783",-358,"RLA496839S",1.627,7.736375,-0.29177,2020-01-08 23:05:00
"784",-356,"RLA496839S",1.627,7.7441875,-0.29014,2020-01-08 23:05:00
"785",-348,"RLA496839S",1.627,7.752,-0.28362,2020-01-08 23:05:00
"786",-345,"RLA496839S",1.627,7.7598125,-0.281175,2020-01-08 23:05:00
"787",-349,"RLA496839S",1.627,7.767625,-0.284435,2020-01-08 23:05:00
"788",-350,"RLA496839S",1.627,7.7754375,-0.28525,2020-01-08 23:05:00
"789",-351,"RLA496839S",1.627,7.78325,-0.286065,2020-01-08 23:05:00
"790",-353,"RLA496839S",1.627,7.7910625,-0.287695,2020-01-08 23:05:00
"791",-351,"RLA496839S",1.627,7.798875,-0.286065,2020-01-08 23:05:00
"792",-349,"RLA496839S",1.627,7.8066875,-0.284435,2020-01-08 23:05:00
"793",-350,"RLA496839S",1.627,7.8145,-0.28525,2020-01-08 23:05:00
"794",-353,"RLA496839S",1.627,7.8223125,-0.287695,2020-01-08 23:05:00
"795",-355,"RLA496839S",1.627,7.830125,-0.289325,2020-01-08 23:05:00
"796",-353,"RLA496839S",1.627,7.8379375,-0.287695,2020-01-08 23:05:00
"797",-353,"RLA496839S",1.627,7.84575,-0.287695,2020-01-08 23:05:00
"798",-355,"RLA496839S",1.627,7.8535625,-0.289325,2020-01-08 23:05:00
"799",-359,"RLA496839S",1.627,7.861375,-0.292585,2020-01-08 23:05:00
"800",-357,"RLA496839S",1.627,7.8691875,-0.290955,2020-01-08 23:05:00
"801",-356,"RLA496839S",1.627,7.877,-0.29014,2020-01-08 23:05:00
"802",-355,"RLA496839S",1.627,7.8848125,-0.289325,2020-01-08 23:05:00
"803",-355,"RLA496839S",1.627,7.892625,-0.289325,2020-01-08 23:05:00
"804",-355,"RLA496839S",1.627,7.9004375,-0.289325,2020-01-08 23:05:00
"805",-354,"RLA496839S",1.627,7.90825,-0.28851,2020-01-08 23:05:00
"806",-354,"RLA496839S",1.627,7.9160625,-0.28851,2020-01-08 23:05:00
"807",-355,"RLA496839S",1.627,7.923875,-0.289325,2020-01-08 23:05:00
"808",-356,"RLA496839S",1.627,7.9316875,-0.29014,2020-01-08 23:05:00
"809",-357,"RLA496839S",1.627,7.9395,-0.290955,2020-01-08 23:05:00
"810",-356,"RLA496839S",1.627,7.9473125,-0.29014,2020-01-08 23:05:00
"811",-354,"RLA496839S",1.627,7.955125,-0.28851,2020-01-08 23:05:00
"812",-354,"RLA496839S",1.627,7.9629375,-0.28851,2020-01-08 23:05:00
"813",-357,"RLA496839S",1.627,7.97075,-0.290955,2020-01-08 23:05:00
"814",-360,"RLA496839S",1.627,7.9785625,-0.2934,2020-01-08 23:05:00
"815",-362,"RLA496839S",1.627,7.986375,-0.29503,2020-01-08 23:05:00
"816",-360,"RLA496839S",1.627,7.9941875,-0.2934,2020-01-08 23:05:00
"817",-359,"RLA496839S",1.627,8.002,-0.292585,2020-01-08 23:05:00
"818",-361,"RLA496839S",1.627,8.0098125,-0.294215,2020-01-08 23:05:00
"819",-364,"RLA496839S",1.627,8.017625,-0.29666,2020-01-08 23:05:00
"820",-366,"RLA496839S",1.627,8.0254375,-0.29829,2020-01-08 23:05:00
"821",-372,"RLA496839S",1.627,8.03325,-0.30318,2020-01-08 23:05:00
"822",-378,"RLA496839S",1.627,8.0410625,-0.30807,2020-01-08 23:05:00
"823",-377,"RLA496839S",1.627,8.048875,-0.307255,2020-01-08 23:05:00
"824",-373,"RLA496839S",1.627,8.0566875,-0.303995,2020-01-08 23:05:00
"825",-367,"RLA496839S",1.627,8.0645,-0.299105,2020-01-08 23:05:00
"826",-361,"RLA496839S",1.627,8.0723125,-0.294215,2020-01-08 23:05:00
"827",-361,"RLA496839S",1.627,8.080125,-0.294215,2020-01-08 23:05:00
"828",-360,"RLA496839S",1.627,8.0879375,-0.2934,2020-01-08 23:05:00
"829",-358,"RLA496839S",1.627,8.09575,-0.29177,2020-01-08 23:05:00
"830",-359,"RLA496839S",1.627,8.1035625,-0.292585,2020-01-08 23:05:00
"831",-361,"RLA496839S",1.627,8.111375,-0.294215,2020-01-08 23:05:00
"832",-356,"RLA496839S",1.627,8.1191875,-0.29014,2020-01-08 23:05:00
"833",-354,"RLA496839S",1.627,8.127,-0.28851,2020-01-08 23:05:00
"834",-355,"RLA496839S",1.627,8.1348125,-0.289325,2020-01-08 23:05:00
"835",-356,"RLA496839S",1.627,8.142625,-0.29014,2020-01-08 23:05:00
"836",-435,"RLA496839S",1.627,8.1504375,-0.354525,2020-01-08 23:05:00
"837",-655,"RLA496839S",1.627,8.15825,-0.533825,2020-01-08 23:05:00
"838",-773,"RLA496839S",1.627,8.1660625,-0.629995,2020-01-08 23:05:00
"839",-562,"RLA496839S",1.627,8.173875,-0.45803,2020-01-08 23:05:00
"840",-212,"RLA496839S",1.627,8.1816875,-0.17278,2020-01-08 23:05:00
"841",-250,"RLA496839S",1.627,8.1895,-0.20375,2020-01-08 23:05:00
"842",-373,"RLA496839S",1.627,8.1973125,-0.303995,2020-01-08 23:05:00
"843",-382,"RLA496839S",1.627,8.205125,-0.31133,2020-01-08 23:05:00
"844",-374,"RLA496839S",1.627,8.2129375,-0.30481,2020-01-08 23:05:00
"845",-390,"RLA496839S",1.627,8.22075,-0.31785,2020-01-08 23:05:00
"846",-392,"RLA496839S",1.627,8.2285625,-0.31948,2020-01-08 23:05:00
"847",-390,"RLA496839S",1.627,8.236375,-0.31785,2020-01-08 23:05:00
"848",-400,"RLA496839S",1.627,8.2441875,-0.326,2020-01-08 23:05:00
"849",-403,"RLA496839S",1.627,8.252,-0.328445,2020-01-08 23:05:00
"850",-411,"RLA496839S",1.627,8.2598125,-0.334965,2020-01-08 23:05:00
"851",-405,"RLA496839S",1.627,8.267625,-0.330075,2020-01-08 23:05:00
"852",-398,"RLA496839S",1.627,8.2754375,-0.32437,2020-01-08 23:05:00
"853",-416,"RLA496839S",1.627,8.28325,-0.33904,2020-01-08 23:05:00
"854",-422,"RLA496839S",1.627,8.2910625,-0.34393,2020-01-08 23:05:00
"855",-424,"RLA496839S",1.627,8.298875,-0.34556,2020-01-08 23:05:00
"856",-426,"RLA496839S",1.627,8.3066875,-0.34719,2020-01-08 23:05:00
"857",-429,"RLA496839S",1.627,8.3145,-0.349635,2020-01-08 23:05:00
"858",-438,"RLA496839S",1.627,8.3223125,-0.35697,2020-01-08 23:05:00
"859",-438,"RLA496839S",1.627,8.330125,-0.35697,2020-01-08 23:05:00
"860",-441,"RLA496839S",1.627,8.3379375,-0.359415,2020-01-08 23:05:00
"861",-447,"RLA496839S",1.627,8.34575,-0.364305,2020-01-08 23:05:00
"862",-445,"RLA496839S",1.627,8.3535625,-0.362675,2020-01-08 23:05:00
"863",-435,"RLA496839S",1.627,8.361375,-0.354525,2020-01-08 23:05:00
"864",-398,"RLA496839S",1.627,8.3691875,-0.32437,2020-01-08 23:05:00
"865",-375,"RLA496839S",1.627,8.377,-0.305625,2020-01-08 23:05:00
"866",-366,"RLA496839S",1.627,8.3848125,-0.29829,2020-01-08 23:05:00
"867",-362,"RLA496839S",1.627,8.392625,-0.29503,2020-01-08 23:05:00
"868",-365,"RLA496839S",1.627,8.4004375,-0.297475,2020-01-08 23:05:00
"869",-363,"RLA496839S",1.627,8.40825,-0.295845,2020-01-08 23:05:00
"870",-362,"RLA496839S",1.627,8.4160625,-0.29503,2020-01-08 23:05:00
"871",-363,"RLA496839S",1.627,8.423875,-0.295845,2020-01-08 23:05:00
"872",-365,"RLA496839S",1.627,8.4316875,-0.297475,2020-01-08 23:05:00
"873",-369,"RLA496839S",1.627,8.4395,-0.300735,2020-01-08 23:05:00
"874",-371,"RLA496839S",1.627,8.4473125,-0.302365,2020-01-08 23:05:00
"875",-370,"RLA496839S",1.627,8.455125,-0.30155,2020-01-08 23:05:00
"876",-370,"RLA496839S",1.627,8.4629375,-0.30155,2020-01-08 23:05:00
"877",-371,"RLA496839S",1.627,8.47075,-0.302365,2020-01-08 23:05:00
"878",-372,"RLA496839S",1.627,8.4785625,-0.30318,2020-01-08 23:05:00
"879",-371,"RLA496839S",1.627,8.486375,-0.302365,2020-01-08 23:05:00
"880",-370,"RLA496839S",1.627,8.4941875,-0.30155,2020-01-08 23:05:00
"881",-372,"RLA496839S",1.627,8.502,-0.30318,2020-01-08 23:05:00
"882",-374,"RLA496839S",1.627,8.5098125,-0.30481,2020-01-08 23:05:00
"883",-374,"RLA496839S",1.627,8.517625,-0.30481,2020-01-08 23:05:00
"884",-373,"RLA496839S",1.627,8.5254375,-0.303995,2020-01-08 23:05:00
"885",-371,"RLA496839S",1.627,8.53325,-0.302365,2020-01-08 23:05:00
"886",-368,"RLA496839S",1.627,8.5410625,-0.29992,2020-01-08 23:05:00
"887",-368,"RLA496839S",1.627,8.548875,-0.29992,2020-01-08 23:05:00
"888",-372,"RLA496839S",1.627,8.5566875,-0.30318,2020-01-08 23:05:00
"889",-371,"RLA496839S",1.627,8.5645,-0.302365,2020-01-08 23:05:00
"890",-370,"RLA496839S",1.627,8.5723125,-0.30155,2020-01-08 23:05:00
"891",-372,"RLA496839S",1.627,8.580125,-0.30318,2020-01-08 23:05:00
"892",-372,"RLA496839S",1.627,8.5879375,-0.30318,2020-01-08 23:05:00
"893",-370,"RLA496839S",1.627,8.59575,-0.30155,2020-01-08 23:05:00
"894",-370,"RLA496839S",1.627,8.6035625,-0.30155,2020-01-08 23:05:00
"895",-371,"RLA496839S",1.627,8.611375,-0.302365,2020-01-08 23:05:00
"896",-371,"RLA496839S",1.627,8.6191875,-0.302365,2020-01-08 23:05:00
"897",-371,"RLA496839S",1.627,8.627,-0.302365,2020-01-08 23:05:00
"898",-372,"RLA496839S",1.627,8.6348125,-0.30318,2020-01-08 23:05:00
"899",-372,"RLA496839S",1.627,8.642625,-0.30318,2020-01-08 23:05:00
"900",-371,"RLA496839S",1.627,8.6504375,-0.302365,2020-01-08 23:05:00
"901",-371,"RLA496839S",1.627,8.65825,-0.302365,2020-01-08 23:05:00
"902",-371,"RLA496839S",1.627,8.6660625,-0.302365,2020-01-08 23:05:00
"903",-371,"RLA496839S",1.627,8.673875,-0.302365,2020-01-08 23:05:00
"904",-374,"RLA496839S",1.627,8.6816875,-0.30481,2020-01-08 23:05:00
"905",-373,"RLA496839S",1.627,8.6895,-0.303995,2020-01-08 23:05:00
"906",-371,"RLA496839S",1.627,8.6973125,-0.302365,2020-01-08 23:05:00
"907",-372,"RLA496839S",1.627,8.705125,-0.30318,2020-01-08 23:05:00
"908",-372,"RLA496839S",1.627,8.7129375,-0.30318,2020-01-08 23:05:00
"909",-372,"RLA496839S",1.627,8.72075,-0.30318,2020-01-08 23:05:00
"910",-374,"RLA496839S",1.627,8.7285625,-0.30481,2020-01-08 23:05:00
"911",-373,"RLA496839S",1.627,8.736375,-0.303995,2020-01-08 23:05:00
"912",-370,"RLA496839S",1.627,8.7441875,-0.30155,2020-01-08 23:05:00
"913",-373,"RLA496839S",1.627,8.752,-0.303995,2020-01-08 23:05:00
"914",-375,"RLA496839S",1.627,8.7598125,-0.305625,2020-01-08 23:05:00
"915",-375,"RLA496839S",1.627,8.767625,-0.305625,2020-01-08 23:05:00
"916",-375,"RLA496839S",1.627,8.7754375,-0.305625,2020-01-08 23:05:00
"917",-376,"RLA496839S",1.627,8.78325,-0.30644,2020-01-08 23:05:00
"918",-379,"RLA496839S",1.627,8.7910625,-0.308885,2020-01-08 23:05:00
"919",-379,"RLA496839S",1.627,8.798875,-0.308885,2020-01-08 23:05:00
"920",-376,"RLA496839S",1.627,8.8066875,-0.30644,2020-01-08 23:05:00
"921",-375,"RLA496839S",1.627,8.8145,-0.305625,2020-01-08 23:05:00
"922",-374,"RLA496839S",1.627,8.8223125,-0.30481,2020-01-08 23:05:00
"923",-376,"RLA496839S",1.627,8.830125,-0.30644,2020-01-08 23:05:00
"924",-378,"RLA496839S",1.627,8.8379375,-0.30807,2020-01-08 23:05:00
"925",-378,"RLA496839S",1.627,8.84575,-0.30807,2020-01-08 23:05:00
"926",-376,"RLA496839S",1.627,8.8535625,-0.30644,2020-01-08 23:05:00
"927",-373,"RLA496839S",1.627,8.861375,-0.303995,2020-01-08 23:05:00
"928",-376,"RLA496839S",1.627,8.8691875,-0.30644,2020-01-08 23:05:00
"929",-376,"RLA496839S",1.627,8.877,-0.30644,2020-01-08 23:05:00
"930",-375,"RLA496839S",1.627,8.8848125,-0.305625,2020-01-08 23:05:00
"931",-377,"RLA496839S",1.627,8.892625,-0.307255,2020-01-08 23:05:00
"932",-378,"RLA496839S",1.627,8.9004375,-0.30807,2020-01-08 23:05:00
"933",-380,"RLA496839S",1.627,8.90825,-0.3097,2020-01-08 23:05:00
"934",-379,"RLA496839S",1.627,8.9160625,-0.308885,2020-01-08 23:05:00
"935",-377,"RLA496839S",1.627,8.923875,-0.307255,2020-01-08 23:05:00
"936",-377,"RLA496839S",1.627,8.9316875,-0.307255,2020-01-08 23:05:00
"937",-377,"RLA496839S",1.627,8.9395,-0.307255,2020-01-08 23:05:00
"938",-374,"RLA496839S",1.627,8.9473125,-0.30481,2020-01-08 23:05:00
"939",-376,"RLA496839S",1.627,8.955125,-0.30644,2020-01-08 23:05:00
"940",-380,"RLA496839S",1.627,8.9629375,-0.3097,2020-01-08 23:05:00
"941",-377,"RLA496839S",1.627,8.97075,-0.307255,2020-01-08 23:05:00
"942",-376,"RLA496839S",1.627,8.9785625,-0.30644,2020-01-08 23:05:00
"943",-377,"RLA496839S",1.627,8.986375,-0.307255,2020-01-08 23:05:00
"944",-377,"RLA496839S",1.627,8.9941875,-0.307255,2020-01-08 23:05:00
"945",-378,"RLA496839S",1.627,9.002,-0.30807,2020-01-08 23:05:00
"946",-378,"RLA496839S",1.627,9.0098125,-0.30807,2020-01-08 23:05:00
"947",-378,"RLA496839S",1.627,9.017625,-0.30807,2020-01-08 23:05:00
"948",-376,"RLA496839S",1.627,9.0254375,-0.30644,2020-01-08 23:05:00
"949",-376,"RLA496839S",1.627,9.03325,-0.30644,2020-01-08 23:05:00
"950",-378,"RLA496839S",1.627,9.0410625,-0.30807,2020-01-08 23:05:00
"951",-381,"RLA496839S",1.627,9.048875,-0.310515,2020-01-08 23:05:00
"952",-379,"RLA496839S",1.627,9.0566875,-0.308885,2020-01-08 23:05:00
"953",-377,"RLA496839S",1.627,9.0645,-0.307255,2020-01-08 23:05:00
"954",-377,"RLA496839S",1.627,9.0723125,-0.307255,2020-01-08 23:05:00
"955",-379,"RLA496839S",1.627,9.080125,-0.308885,2020-01-08 23:05:00
"956",-379,"RLA496839S",1.627,9.0879375,-0.308885,2020-01-08 23:05:00
"957",-378,"RLA496839S",1.627,9.09575,-0.30807,2020-01-08 23:05:00
"958",-378,"RLA496839S",1.627,9.1035625,-0.30807,2020-01-08 23:05:00
"959",-382,"RLA496839S",1.627,9.111375,-0.31133,2020-01-08 23:05:00
"960",-380,"RLA496839S",1.627,9.1191875,-0.3097,2020-01-08 23:05:00
"961",-378,"RLA496839S",1.627,9.127,-0.30807,2020-01-08 23:05:00
"962",-379,"RLA496839S",1.627,9.1348125,-0.308885,2020-01-08 23:05:00
"963",-380,"RLA496839S",1.627,9.142625,-0.3097,2020-01-08 23:05:00
"964",-379,"RLA496839S",1.627,9.1504375,-0.308885,2020-01-08 23:05:00
"965",-379,"RLA496839S",1.627,9.15825,-0.308885,2020-01-08 23:05:00
"966",-379,"RLA496839S",1.627,9.1660625,-0.308885,2020-01-08 23:05:00
"967",-381,"RLA496839S",1.627,9.173875,-0.310515,2020-01-08 23:05:00
"968",-384,"RLA496839S",1.627,9.1816875,-0.31296,2020-01-08 23:05:00
"969",-383,"RLA496839S",1.627,9.1895,-0.312145,2020-01-08 23:05:00
"970",-382,"RLA496839S",1.627,9.1973125,-0.31133,2020-01-08 23:05:00
"971",-382,"RLA496839S",1.627,9.205125,-0.31133,2020-01-08 23:05:00
"972",-379,"RLA496839S",1.627,9.2129375,-0.308885,2020-01-08 23:05:00
"973",-379,"RLA496839S",1.627,9.22075,-0.308885,2020-01-08 23:05:00
"974",-381,"RLA496839S",1.627,9.2285625,-0.310515,2020-01-08 23:05:00
"975",-382,"RLA496839S",1.627,9.236375,-0.31133,2020-01-08 23:05:00
"976",-382,"RLA496839S",1.627,9.2441875,-0.31133,2020-01-08 23:05:00
"977",-382,"RLA496839S",1.627,9.252,-0.31133,2020-01-08 23:05:00
"978",-381,"RLA496839S",1.627,9.2598125,-0.310515,2020-01-08 23:05:00
"979",-382,"RLA496839S",1.627,9.267625,-0.31133,2020-01-08 23:05:00
"980",-382,"RLA496839S",1.627,9.2754375,-0.31133,2020-01-08 23:05:00
"981",-381,"RLA496839S",1.627,9.28325,-0.310515,2020-01-08 23:05:00
"982",-381,"RLA496839S",1.627,9.2910625,-0.310515,2020-01-08 23:05:00
"983",-383,"RLA496839S",1.627,9.298875,-0.312145,2020-01-08 23:05:00
"984",-385,"RLA496839S",1.627,9.3066875,-0.313775,2020-01-08 23:05:00
"985",-386,"RLA496839S",1.627,9.3145,-0.31459,2020-01-08 23:05:00
"986",-385,"RLA496839S",1.627,9.3223125,-0.313775,2020-01-08 23:05:00
"987",-384,"RLA496839S",1.627,9.330125,-0.31296,2020-01-08 23:05:00
"988",-387,"RLA496839S",1.627,9.3379375,-0.315405,2020-01-08 23:05:00
"989",-394,"RLA496839S",1.627,9.34575,-0.32111,2020-01-08 23:05:00
"990",-392,"RLA496839S",1.627,9.3535625,-0.31948,2020-01-08 23:05:00
"991",-385,"RLA496839S",1.627,9.361375,-0.313775,2020-01-08 23:05:00
"992",-383,"RLA496839S",1.627,9.3691875,-0.312145,2020-01-08 23:05:00
"993",-383,"RLA496839S",1.627,9.377,-0.312145,2020-01-08 23:05:00
"994",-381,"RLA496839S",1.627,9.3848125,-0.310515,2020-01-08 23:05:00
"995",-377,"RLA496839S",1.627,9.392625,-0.307255,2020-01-08 23:05:00
"996",-376,"RLA496839S",1.627,9.4004375,-0.30644,2020-01-08 23:05:00
"997",-377,"RLA496839S",1.627,9.40825,-0.307255,2020-01-08 23:05:00
"998",-376,"RLA496839S",1.627,9.4160625,-0.30644,2020-01-08 23:05:00
"999",-377,"RLA496839S",1.627,9.423875,-0.307255,2020-01-08 23:05:00
"1000",-378,"RLA496839S",1.627,9.4316875,-0.30807,2020-01-08 23:05:00
"1001",-375,"RLA496839S",1.627,9.4395,-0.305625,2020-01-08 23:05:00
"1002",-363,"RLA496839S",1.627,9.4473125,-0.295845,2020-01-08 23:05:00
"1003",-406,"RLA496839S",1.627,9.455125,-0.33089,2020-01-08 23:05:00
"1004",-610,"RLA496839S",1.627,9.4629375,-0.49715,2020-01-08 23:05:00
"1005",-781,"RLA496839S",1.627,9.47075,-0.636515,2020-01-08 23:05:00
"1006",-632,"RLA496839S",1.627,9.4785625,-0.51508,2020-01-08 23:05:00
"1007",-310,"RLA496839S",1.627,9.486375,-0.25265,2020-01-08 23:05:00
"1008",-256,"RLA496839S",1.627,9.4941875,-0.20864,2020-01-08 23:05:00
"1009",-381,"RLA496839S",1.627,9.502,-0.310515,2020-01-08 23:05:00
"1010",-389,"RLA496839S",1.627,9.5098125,-0.317035,2020-01-08 23:05:00
"1011",-379,"RLA496839S",1.627,9.517625,-0.308885,2020-01-08 23:05:00
"1012",-402,"RLA496839S",1.627,9.5254375,-0.32763,2020-01-08 23:05:00
"1013",-399,"RLA496839S",1.627,9.53325,-0.325185,2020-01-08 23:05:00
"1014",-401,"RLA496839S",1.627,9.5410625,-0.326815,2020-01-08 23:05:00
"1015",-410,"RLA496839S",1.627,9.548875,-0.33415,2020-01-08 23:05:00
"1016",-398,"RLA496839S",1.627,9.5566875,-0.32437,2020-01-08 23:05:00
"1017",-409,"RLA496839S",1.627,9.5645,-0.333335,2020-01-08 23:05:00
"1018",-410,"RLA496839S",1.627,9.5723125,-0.33415,2020-01-08 23:05:00
"1019",-403,"RLA496839S",1.627,9.580125,-0.328445,2020-01-08 23:05:00
"1020",-419,"RLA496839S",1.627,9.5879375,-0.341485,2020-01-08 23:05:00
"1021",-421,"RLA496839S",1.627,9.59575,-0.343115,2020-01-08 23:05:00
"1022",-421,"RLA496839S",1.627,9.6035625,-0.343115,2020-01-08 23:05:00
"1023",-424,"RLA496839S",1.627,9.611375,-0.34556,2020-01-08 23:05:00
"1024",-426,"RLA496839S",1.627,9.6191875,-0.34719,2020-01-08 23:05:00
"1025",-436,"RLA496839S",1.627,9.627,-0.35534,2020-01-08 23:05:00
"1026",-439,"RLA496839S",1.627,9.6348125,-0.357785,2020-01-08 23:05:00
"1027",-441,"RLA496839S",1.627,9.642625,-0.359415,2020-01-08 23:05:00
"1028",-448,"RLA496839S",1.627,9.6504375,-0.36512,2020-01-08 23:05:00
"1029",-453,"RLA496839S",1.627,9.65825,-0.369195,2020-01-08 23:05:00
"1030",-447,"RLA496839S",1.627,9.6660625,-0.364305,2020-01-08 23:05:00
"1031",-422,"RLA496839S",1.627,9.673875,-0.34393,2020-01-08 23:05:00
"1032",-388,"RLA496839S",1.627,9.6816875,-0.31622,2020-01-08 23:05:00
"1033",-373,"RLA496839S",1.627,9.6895,-0.303995,2020-01-08 23:05:00
"1034",-365,"RLA496839S",1.627,9.6973125,-0.297475,2020-01-08 23:05:00
"1035",-364,"RLA496839S",1.627,9.705125,-0.29666,2020-01-08 23:05:00
"1036",-360,"RLA496839S",1.627,9.7129375,-0.2934,2020-01-08 23:05:00
"1037",-359,"RLA496839S",1.627,9.72075,-0.292585,2020-01-08 23:05:00
"1038",-360,"RLA496839S",1.627,9.7285625,-0.2934,2020-01-08 23:05:00
"1039",-359,"RLA496839S",1.627,9.736375,-0.292585,2020-01-08 23:05:00
"1040",-363,"RLA496839S",1.627,9.7441875,-0.295845,2020-01-08 23:05:00
"1041",-363,"RLA496839S",1.627,9.752,-0.295845,2020-01-08 23:05:00
"1042",-360,"RLA496839S",1.627,9.7598125,-0.2934,2020-01-08 23:05:00
"1043",-359,"RLA496839S",1.627,9.767625,-0.292585,2020-01-08 23:05:00
"1044",-363,"RLA496839S",1.627,9.7754375,-0.295845,2020-01-08 23:05:00
"1045",-367,"RLA496839S",1.627,9.78325,-0.299105,2020-01-08 23:05:00
"1046",-368,"RLA496839S",1.627,9.7910625,-0.29992,2020-01-08 23:05:00
"1047",-367,"RLA496839S",1.627,9.798875,-0.299105,2020-01-08 23:05:00
"1048",-365,"RLA496839S",1.627,9.8066875,-0.297475,2020-01-08 23:05:00
"1049",-365,"RLA496839S",1.627,9.8145,-0.297475,2020-01-08 23:05:00
"1050",-366,"RLA496839S",1.627,9.8223125,-0.29829,2020-01-08 23:05:00
"1051",-364,"RLA496839S",1.627,9.830125,-0.29666,2020-01-08 23:05:00
"1052",-364,"RLA496839S",1.627,9.8379375,-0.29666,2020-01-08 23:05:00
"1053",-365,"RLA496839S",1.627,9.84575,-0.297475,2020-01-08 23:05:00
"1054",-364,"RLA496839S",1.627,9.8535625,-0.29666,2020-01-08 23:05:00
"1055",-364,"RLA496839S",1.627,9.861375,-0.29666,2020-01-08 23:05:00
"1056",-365,"RLA496839S",1.627,9.8691875,-0.297475,2020-01-08 23:05:00
"1057",-364,"RLA496839S",1.627,9.877,-0.29666,2020-01-08 23:05:00
"1058",-364,"RLA496839S",1.627,9.8848125,-0.29666,2020-01-08 23:05:00
"1059",-367,"RLA496839S",1.627,9.892625,-0.299105,2020-01-08 23:05:00
"1060",-367,"RLA496839S",1.627,9.9004375,-0.299105,2020-01-08 23:05:00
"1061",-365,"RLA496839S",1.627,9.90825,-0.297475,2020-01-08 23:05:00
"1062",-364,"RLA496839S",1.627,9.9160625,-0.29666,2020-01-08 23:05:00
"1063",-365,"RLA496839S",1.627,9.923875,-0.297475,2020-01-08 23:05:00
"1064",-370,"RLA496839S",1.627,9.9316875,-0.30155,2020-01-08 23:05:00
"1065",-369,"RLA496839S",1.627,9.9395,-0.300735,2020-01-08 23:05:00
"1066",-362,"RLA496839S",1.627,9.9473125,-0.29503,2020-01-08 23:05:00
"1067",-360,"RLA496839S",1.627,9.955125,-0.2934,2020-01-08 23:05:00
"1068",-366,"RLA496839S",1.627,9.9629375,-0.29829,2020-01-08 23:05:00
"1069",-373,"RLA496839S",1.627,9.97075,-0.303995,2020-01-08 23:05:00
"1070",-372,"RLA496839S",1.627,9.9785625,-0.30318,2020-01-08 23:05:00
"1071",-368,"RLA496839S",1.627,9.986375,-0.29992,2020-01-08 23:05:00
"1072",-366,"RLA496839S",1.627,9.9941875,-0.29829,2020-01-08 23:05:00
"1073",-369,"RLA496839S",1.627,10.002,-0.300735,2020-01-08 23:05:00
"1074",-372,"RLA496839S",1.627,10.0098125,-0.30318,2020-01-08 23:05:00
"1075",-374,"RLA496839S",1.627,10.017625,-0.30481,2020-01-08 23:05:00
"1076",-372,"RLA496839S",1.627,10.0254375,-0.30318,2020-01-08 23:05:00
"1077",-369,"RLA496839S",1.627,10.03325,-0.300735,2020-01-08 23:05:00
"1078",-368,"RLA496839S",1.627,10.0410625,-0.29992,2020-01-08 23:05:00
"1079",-371,"RLA496839S",1.627,10.048875,-0.302365,2020-01-08 23:05:00
"1080",-372,"RLA496839S",1.627,10.0566875,-0.30318,2020-01-08 23:05:00
"1081",-369,"RLA496839S",1.627,10.0645,-0.300735,2020-01-08 23:05:00
"1082",-371,"RLA496839S",1.627,10.0723125,-0.302365,2020-01-08 23:05:00
"1083",-373,"RLA496839S",1.627,10.080125,-0.303995,2020-01-08 23:05:00
"1084",-372,"RLA496839S",1.627,10.0879375,-0.30318,2020-01-08 23:05:00
"1085",-369,"RLA496839S",1.627,10.09575,-0.300735,2020-01-08 23:05:00
"1086",-371,"RLA496839S",1.627,10.1035625,-0.302365,2020-01-08 23:05:00
"1087",-373,"RLA496839S",1.627,10.111375,-0.303995,2020-01-08 23:05:00
"1088",-373,"RLA496839S",1.627,10.1191875,-0.303995,2020-01-08 23:05:00
"1089",-375,"RLA496839S",1.627,10.127,-0.305625,2020-01-08 23:05:00
"1090",-376,"RLA496839S",1.627,10.1348125,-0.30644,2020-01-08 23:05:00
"1091",-375,"RLA496839S",1.627,10.142625,-0.305625,2020-01-08 23:05:00
"1092",-373,"RLA496839S",1.627,10.1504375,-0.303995,2020-01-08 23:05:00
"1093",-374,"RLA496839S",1.627,10.15825,-0.30481,2020-01-08 23:05:00
"1094",-374,"RLA496839S",1.627,10.1660625,-0.30481,2020-01-08 23:05:00
"1095",-374,"RLA496839S",1.627,10.173875,-0.30481,2020-01-08 23:05:00
"1096",-377,"RLA496839S",1.627,10.1816875,-0.307255,2020-01-08 23:05:00
"1097",-377,"RLA496839S",1.627,10.1895,-0.307255,2020-01-08 23:05:00
"1098",-376,"RLA496839S",1.627,10.1973125,-0.30644,2020-01-08 23:05:00
"1099",-375,"RLA496839S",1.627,10.205125,-0.305625,2020-01-08 23:05:00
"1100",-374,"RLA496839S",1.627,10.2129375,-0.30481,2020-01-08 23:05:00
"1101",-376,"RLA496839S",1.627,10.22075,-0.30644,2020-01-08 23:05:00
"1102",-377,"RLA496839S",1.627,10.2285625,-0.307255,2020-01-08 23:05:00
"1103",-377,"RLA496839S",1.627,10.236375,-0.307255,2020-01-08 23:05:00
"1104",-375,"RLA496839S",1.627,10.2441875,-0.305625,2020-01-08 23:05:00
"1105",-374,"RLA496839S",1.627,10.252,-0.30481,2020-01-08 23:05:00
"1106",-375,"RLA496839S",1.627,10.2598125,-0.305625,2020-01-08 23:05:00
"1107",-376,"RLA496839S",1.627,10.267625,-0.30644,2020-01-08 23:05:00
"1108",-377,"RLA496839S",1.627,10.2754375,-0.307255,2020-01-08 23:05:00
"1109",-377,"RLA496839S",1.627,10.28325,-0.307255,2020-01-08 23:05:00
"1110",-378,"RLA496839S",1.627,10.2910625,-0.30807,2020-01-08 23:05:00
"1111",-379,"RLA496839S",1.627,10.298875,-0.308885,2020-01-08 23:05:00
"1112",-376,"RLA496839S",1.627,10.3066875,-0.30644,2020-01-08 23:05:00
"1113",-376,"RLA496839S",1.627,10.3145,-0.30644,2020-01-08 23:05:00
"1114",-378,"RLA496839S",1.627,10.3223125,-0.30807,2020-01-08 23:05:00
"1115",-379,"RLA496839S",1.627,10.330125,-0.308885,2020-01-08 23:05:00
"1116",-383,"RLA496839S",1.627,10.3379375,-0.312145,2020-01-08 23:05:00
"1117",-381,"RLA496839S",1.627,10.34575,-0.310515,2020-01-08 23:05:00
"1118",-377,"RLA496839S",1.627,10.3535625,-0.307255,2020-01-08 23:05:00
"1119",-378,"RLA496839S",1.627,10.361375,-0.30807,2020-01-08 23:05:00
"1120",-381,"RLA496839S",1.627,10.3691875,-0.310515,2020-01-08 23:05:00
"1121",-381,"RLA496839S",1.627,10.377,-0.310515,2020-01-08 23:05:00
"1122",-380,"RLA496839S",1.627,10.3848125,-0.3097,2020-01-08 23:05:00
"1123",-381,"RLA496839S",1.627,10.392625,-0.310515,2020-01-08 23:05:00
"1124",-380,"RLA496839S",1.627,10.4004375,-0.3097,2020-01-08 23:05:00
"1125",-378,"RLA496839S",1.627,10.40825,-0.30807,2020-01-08 23:05:00
"1126",-379,"RLA496839S",1.627,10.4160625,-0.308885,2020-01-08 23:05:00
"1127",-377,"RLA496839S",1.627,10.423875,-0.307255,2020-01-08 23:05:00
"1128",-373,"RLA496839S",1.627,10.4316875,-0.303995,2020-01-08 23:05:00
"1129",-379,"RLA496839S",1.627,10.4395,-0.308885,2020-01-08 23:05:00
"1130",-383,"RLA496839S",1.627,10.4473125,-0.312145,2020-01-08 23:05:00
"1131",-381,"RLA496839S",1.627,10.455125,-0.310515,2020-01-08 23:05:00
"1132",-380,"RLA496839S",1.627,10.4629375,-0.3097,2020-01-08 23:05:00
"1133",-378,"RLA496839S",1.627,10.47075,-0.30807,2020-01-08 23:05:00
"1134",-380,"RLA496839S",1.627,10.4785625,-0.3097,2020-01-08 23:05:00
"1135",-384,"RLA496839S",1.627,10.486375,-0.31296,2020-01-08 23:05:00
"1136",-380,"RLA496839S",1.627,10.4941875,-0.3097,2020-01-08 23:05:00
"1137",-376,"RLA496839S",1.627,10.502,-0.30644,2020-01-08 23:05:00
"1138",-378,"RLA496839S",1.627,10.5098125,-0.30807,2020-01-08 23:05:00
"1139",-381,"RLA496839S",1.627,10.517625,-0.310515,2020-01-08 23:05:00
"1140",-382,"RLA496839S",1.627,10.5254375,-0.31133,2020-01-08 23:05:00
"1141",-382,"RLA496839S",1.627,10.53325,-0.31133,2020-01-08 23:05:00
"1142",-382,"RLA496839S",1.627,10.5410625,-0.31133,2020-01-08 23:05:00
"1143",-383,"RLA496839S",1.627,10.548875,-0.312145,2020-01-08 23:05:00
"1144",-383,"RLA496839S",1.627,10.5566875,-0.312145,2020-01-08 23:05:00
"1145",-381,"RLA496839S",1.627,10.5645,-0.310515,2020-01-08 23:05:00
"1146",-379,"RLA496839S",1.627,10.5723125,-0.308885,2020-01-08 23:05:00
"1147",-381,"RLA496839S",1.627,10.580125,-0.310515,2020-01-08 23:05:00
"1148",-382,"RLA496839S",1.627,10.5879375,-0.31133,2020-01-08 23:05:00
"1149",-381,"RLA496839S",1.627,10.59575,-0.310515,2020-01-08 23:05:00
"1150",-383,"RLA496839S",1.627,10.6035625,-0.312145,2020-01-08 23:05:00
"1151",-383,"RLA496839S",1.627,10.611375,-0.312145,2020-01-08 23:05:00
"1152",-380,"RLA496839S",1.627,10.6191875,-0.3097,2020-01-08 23:05:00
"1153",-380,"RLA496839S",1.627,10.627,-0.3097,2020-01-08 23:05:00
"1154",-381,"RLA496839S",1.627,10.6348125,-0.310515,2020-01-08 23:05:00
"1155",-381,"RLA496839S",1.627,10.642625,-0.310515,2020-01-08 23:05:00
"1156",-380,"RLA496839S",1.627,10.6504375,-0.3097,2020-01-08 23:05:00
"1157",-381,"RLA496839S",1.627,10.65825,-0.310515,2020-01-08 23:05:00
"1158",-381,"RLA496839S",1.627,10.6660625,-0.310515,2020-01-08 23:05:00
"1159",-384,"RLA496839S",1.627,10.673875,-0.31296,2020-01-08 23:05:00
"1160",-385,"RLA496839S",1.627,10.6816875,-0.313775,2020-01-08 23:05:00
"1161",-382,"RLA496839S",1.627,10.6895,-0.31133,2020-01-08 23:05:00
"1162",-380,"RLA496839S",1.627,10.6973125,-0.3097,2020-01-08 23:05:00
"1163",-382,"RLA496839S",1.627,10.705125,-0.31133,2020-01-08 23:05:00
"1164",-385,"RLA496839S",1.627,10.7129375,-0.313775,2020-01-08 23:05:00
"1165",-384,"RLA496839S",1.627,10.72075,-0.31296,2020-01-08 23:05:00
"1166",-384,"RLA496839S",1.627,10.7285625,-0.31296,2020-01-08 23:05:00
"1167",-385,"RLA496839S",1.627,10.736375,-0.313775,2020-01-08 23:05:00
"1168",-385,"RLA496839S",1.627,10.7441875,-0.313775,2020-01-08 23:05:00
"1169",-389,"RLA496839S",1.627,10.752,-0.317035,2020-01-08 23:05:00
"1170",-396,"RLA496839S",1.627,10.7598125,-0.32274,2020-01-08 23:05:00
"1171",-395,"RLA496839S",1.627,10.767625,-0.321925,2020-01-08 23:05:00
"1172",-389,"RLA496839S",1.627,10.7754375,-0.317035,2020-01-08 23:05:00
"1173",-387,"RLA496839S",1.627,10.78325,-0.315405,2020-01-08 23:05:00
"1174",-385,"RLA496839S",1.627,10.7910625,-0.313775,2020-01-08 23:05:00
"1175",-381,"RLA496839S",1.627,10.798875,-0.310515,2020-01-08 23:05:00
"1176",-378,"RLA496839S",1.627,10.8066875,-0.30807,2020-01-08 23:05:00
"1177",-377,"RLA496839S",1.627,10.8145,-0.307255,2020-01-08 23:05:00
"1178",-378,"RLA496839S",1.627,10.8223125,-0.30807,2020-01-08 23:05:00
"1179",-380,"RLA496839S",1.627,10.830125,-0.3097,2020-01-08 23:05:00
"1180",-380,"RLA496839S",1.627,10.8379375,-0.3097,2020-01-08 23:05:00
"1181",-377,"RLA496839S",1.627,10.84575,-0.307255,2020-01-08 23:05:00
"1182",-375,"RLA496839S",1.627,10.8535625,-0.305625,2020-01-08 23:05:00
"1183",-379,"RLA496839S",1.627,10.861375,-0.308885,2020-01-08 23:05:00
"1184",-381,"RLA496839S",1.627,10.8691875,-0.310515,2020-01-08 23:05:00
"1185",-387,"RLA496839S",1.627,10.877,-0.315405,2020-01-08 23:05:00
"1186",-451,"RLA496839S",1.627,10.8848125,-0.367565,2020-01-08 23:05:00
"1187",-739,"RLA496839S",1.627,10.892625,-0.602285,2020-01-08 23:05:00
"1188",-811,"RLA496839S",1.627,10.9004375,-0.660965,2020-01-08 23:05:00
